Date,Open,High,Low,Close,Volume,OpenInt
2010-01-04,18.611,18.856,18.343,18.718,3693073,0
2010-01-05,18.649,19.023,18.147,18.363,12329902,0
2010-01-06,18.393,19.091,18.393,19.003,5694693,0
2010-01-07,18.993,19.907,18.925,19.847,5285746,0
2010-01-08,19.759,20.074,19.631,20.035,4174884,0
2010-01-11,20.163,21.245,20.005,21.106,7338326,0
2010-01-12,20.892,21.195,20.555,20.97,4932420,0
2010-01-13,21,21.126,20.327,20.565,5471304,0
2010-01-14,20.605,22.67,20.231,22.405,17925096,0
2010-01-15,22.365,22.365,21.371,21.509,9293087,0
2010-01-19,21.716,23.063,21.42,22.591,8419821,0
2010-01-20,22.316,22.316,21.539,21.932,4617613,0
2010-01-21,21.932,22.04,21.01,21.067,4746672,0
2010-01-22,20.99,21.706,20.446,20.96,5678430,0
2010-01-25,21.273,21.469,20.486,20.773,6217569,0
2010-01-26,20.713,20.733,20.025,20.222,3830263,0
2010-01-27,20.124,20.793,20.015,20.644,5966368,0
2010-01-28,20.035,20.377,18.571,19.249,19248816,0
2010-01-29,19.327,19.622,18.728,19.2,6903715,0
2010-02-01,19.288,20.337,19.2,20.29,6616421,0
2010-02-02,20.426,20.901,20.104,20.327,7277011,0
2010-02-03,20.193,20.436,19.867,20.114,4687642,0
2010-02-04,19.867,19.867,19.072,19.23,6702913,0
2010-02-05,19.181,19.269,17.656,18.591,11227808,0
2010-02-08,18.521,18.915,18.048,18.393,5032573,0
2010-02-09,18.768,18.944,18.363,18.581,3890867,0
2010-02-10,18.541,18.709,17.978,18.561,6884064,0
2010-02-11,18.561,18.808,18.147,18.639,4881770,0
2010-02-12,18.294,18.353,17.693,18.008,6225140,0
2010-02-16,18.176,18.827,18.008,18.758,3385490,0
2010-02-17,18.905,18.954,18.591,18.738,2906916,0
2010-02-18,18.738,19.466,18.639,19.416,4590571,0
2010-02-19,19.249,19.602,19.072,19.347,3746889,0
2010-02-22,19.416,19.74,19.23,19.543,3635951,0
2010-02-23,19.72,19.828,19.043,19.2,3520786,0
2010-02-24,19.2,19.406,18.718,19.259,5398928,0
2010-02-25,18.827,19.171,18.649,19.121,4549257,0
2010-02-26,19.121,19.69,18.925,19.582,3829738,0
2010-03-01,19.661,19.965,19.485,19.867,4476155,0
2010-03-02,19.995,20.634,19.71,20.545,5032691,0
2010-03-03,20.565,21.086,20.407,20.882,4706252,0
2010-03-04,21,21.205,20.575,20.703,5136234,0
2010-03-05,20.842,21.469,20.842,21.44,4651820,0
2010-03-08,21.41,21.795,21.362,21.371,4408455,0
2010-03-09,20.773,21.587,20.654,21.255,7936251,0
2010-03-10,20.812,21.696,20.812,21.44,4800054,0
2010-03-11,21.313,21.961,20.94,21.873,3973035,0
2010-03-12,21.991,22.06,21.548,21.882,3432809,0
2010-03-15,21.795,21.825,21.245,21.676,3101057,0
2010-03-16,21.686,22.395,21.567,22.021,4461757,0
2010-03-17,22.139,22.395,21.853,22.149,3114018,0
2010-03-18,22.03,22.119,21.627,21.775,2744144,0
2010-03-19,21.775,22.582,21.696,21.835,5772338,0
2010-03-22,21.617,22.021,21.43,21.805,3110360,0
2010-03-23,21.902,22.09,21.696,22.07,3162115,0
2010-03-24,22.07,22.199,21.775,21.902,2512933,0
2010-03-25,22.149,22.179,21.362,21.4,5060532,0
2010-03-26,21.529,21.922,21.255,21.313,3935034,0
2010-03-29,21.469,21.577,21.126,21.332,4125200,0
2010-03-30,21.39,21.627,21.048,21.195,3296777,0
2010-03-31,21.116,21.225,20.822,20.872,3757975,0
2010-04-01,21.058,21.205,20.812,21.039,3718760,0
2010-04-05,21.176,21.245,20.802,20.97,4999417,0
2010-04-06,20.872,21.45,20.763,21.205,3820137,0
2010-04-07,21.086,21.892,20.892,21.805,9818382,0
2010-04-08,21.736,21.873,21.539,21.795,3929370,0
2010-04-09,21.853,21.922,21.303,21.716,3172681,0
2010-04-12,21.726,22.277,21.686,22.209,3927122,0
2010-04-13,22.11,22.277,21.991,22.169,3335415,0
2010-04-14,22.257,22.395,21.863,22.375,4450584,0
2010-04-15,22.1,22.325,21.892,21.951,4891536,0
2010-04-16,22.04,22.05,21.245,21.567,5688954,0
2010-04-19,21.381,21.519,20.733,21.195,4088871,0
2010-04-20,21.303,21.627,21.136,21.499,3127083,0
2010-04-21,21.293,21.795,21.215,21.235,5766141,0
2010-04-22,21.805,23.946,21.617,23.819,16700253,0
2010-04-23,23.896,23.915,23.079,23.442,7040345,0
2010-04-26,23.513,24.873,23.513,24.134,0,0
2010-04-27,24.035,24.035,22.728,22.857,7594038,0
2010-04-28,23.014,23.552,22.827,23.211,4639854,0
2010-04-29,23.503,23.789,23.044,23.122,3351027,0
2010-04-30,23.102,23.317,22.454,22.454,3708057,0
2010-05-03,22.61,23.152,22.552,23.092,4529185,0
2010-05-04,22.62,23.053,22.316,22.542,6100015,0
2010-05-05,22.209,22.965,21.736,22.877,7008998,0
2010-05-06,22.748,23.385,19.661,22.119,7904533,0
2010-05-07,22.11,22.11,19.877,20.035,16041301,0
2010-05-10,21.636,22.179,21.381,22.011,6432268,0
2010-05-11,21.265,22.61,21.265,22.257,5737365,0
2010-05-12,22.503,23.789,22.503,23.68,5824452,0
2010-05-13,23.631,23.67,22.994,23.132,2899329,0
2010-05-14,22.857,23.044,21.932,22.189,4923943,0
2010-05-17,22.169,22.512,21.019,21.577,7463838,0
2010-05-18,22.67,22.67,21.048,21.136,6609316,0
2010-05-19,20.93,21.225,20.28,20.713,4974703,0
2010-05-20,19.867,20.094,18.993,19.082,8711740,0
2010-05-21,18.718,20.407,18.571,20.222,10881564,0
2010-05-24,20.084,20.654,19.847,19.877,4562962,0
2010-05-25,18.886,19.426,18.571,19.191,11527311,0
2010-05-26,19.406,20.694,19.386,19.927,11291173,0
2010-05-27,20.674,20.92,20.29,20.901,4298756,0
2010-05-28,20.901,20.98,20.104,20.317,2950050,0
2010-06-01,19.768,20.327,19.533,19.553,4525309,0
2010-06-02,19.74,20.134,19.533,20.124,3643465,0
2010-06-03,20.222,20.496,19.877,20.3,3638674,0
2010-06-04,19.937,20.114,18.492,18.639,8235379,0
2010-06-07,18.679,18.718,17.842,17.9,6151877,0
2010-06-08,17.861,18.639,17.674,18.639,7611976,0
2010-06-09,18.748,19.013,18.215,18.363,6099917,0
2010-06-10,18.856,19.111,18.639,18.974,4889325,0
2010-06-11,18.639,19.181,18.639,19.131,3399340,0
2010-06-14,19.23,19.602,18.915,18.974,2991141,0
2010-06-15,19.278,19.937,19.22,19.897,3715234,0
2010-06-16,19.7,20.035,19.563,19.68,4171026,0
2010-06-17,19.808,19.818,19.23,19.612,2867439,0
2010-06-18,19.661,19.828,19.494,19.69,2761494,0
2010-06-21,20.153,20.3,19.563,19.671,3155087,0
2010-06-22,19.818,19.897,18.915,19.023,3095602,0
2010-06-23,19.023,19.052,18.502,18.699,4833769,0
2010-06-24,18.601,18.817,18.205,18.274,4785436,0
2010-06-25,18.403,18.984,18.254,18.984,7521312,0
2010-06-28,18.993,19.082,18.304,18.343,5277289,0
2010-06-29,17.939,17.968,16.428,16.517,14589450,0
2010-06-30,16.297,17.036,16.297,16.682,7365882,0
2010-07-01,16.586,16.714,15.825,16.091,11142349,0
2010-07-02,16.17,16.22,15.608,15.796,6174721,0
2010-07-06,16.131,16.457,15.747,16.003,6170712,0
2010-07-07,16.033,16.892,15.954,16.882,6951160,0
2010-07-08,16.832,17.009,16.378,16.753,5173033,0
2010-07-09,16.783,17.587,16.763,17.498,5573273,0
2010-07-12,17.498,17.723,17.185,17.381,4006484,0
2010-07-13,18.097,18.581,17.89,18.077,5033699,0
2010-07-14,18.077,18.185,17.596,17.939,4297802,0
2010-07-15,17.968,18.156,17.321,17.949,4112505,0
2010-07-16,17.782,17.832,17,17.046,5543863,0
2010-07-19,17.233,17.341,16.99,17.272,3893559,0
2010-07-20,16.872,17.88,16.813,17.772,4292880,0
2010-07-21,19.366,19.514,18.659,19.317,15824746,0
2010-07-22,19.651,20.025,19.456,19.877,7586356,0
2010-07-23,19.68,20.436,19.436,20.416,5391409,0
2010-07-26,20.526,20.852,20.3,20.812,4512730,0
2010-07-27,21,21.039,20.005,20.357,5302032,0
2010-07-28,20.357,20.614,20.044,20.28,5078762,0
2010-07-29,20.506,20.634,20.054,20.337,3829720,0
2010-07-30,19.917,20.506,19.887,20.407,3783813,0
2010-08-02,20.892,20.97,19.985,20.93,4787749,0
2010-08-03,20.892,20.96,20.555,20.733,2293612,0
2010-08-04,20.733,21.156,20.694,21.116,3210953,0
2010-08-05,20.892,21.096,20.723,21,2196172,0
2010-08-06,20.575,20.872,20.251,20.466,4690119,0
2010-08-09,20.674,20.743,20.26,20.624,3584267,0
2010-08-10,20.26,20.26,19.612,19.778,6174619,0
2010-08-11,19.259,19.259,18.274,18.649,8314068,0
2010-08-12,18.195,18.462,18.057,18.117,7357938,0
2010-08-13,18.048,18.383,17.842,17.851,6962955,0
2010-08-16,17.693,17.91,17.528,17.558,6292267,0
2010-08-17,17.812,18.413,17.693,18.057,6380706,0
2010-08-18,18.008,18.413,17.812,18.353,5239660,0
2010-08-19,18.087,18.482,17.693,17.842,5697091,0
2010-08-20,17.693,17.753,17.195,17.587,6134760,0
2010-08-23,17.743,17.743,17.009,17.125,7259254,0
2010-08-24,16.922,17.272,16.823,17.125,4801748,0
2010-08-25,16.922,17.175,16.566,17.066,3680510,0
2010-08-26,17.205,17.528,16.97,17.115,3489375,0
2010-08-27,17.292,17.596,16.931,17.558,5424807,0
2010-08-30,17.489,17.792,17.439,17.508,5445884,0
2010-08-31,17.438,17.438,16.624,16.781,6242980,0
2010-09-01,17.125,17.842,17.086,17.792,4267309,0
2010-09-02,17.968,18.127,17.842,18.097,3254679,0
2010-09-03,18.442,18.788,18.235,18.591,3475983,0
2010-09-07,18.393,18.482,17.723,17.929,3485529,0
2010-09-08,17.978,18.531,17.949,18.343,4153398,0
2010-09-09,18.571,18.669,18.077,18.284,2048301,0
2010-09-10,18.274,18.649,18.127,18.581,2409830,0
2010-09-13,18.669,18.974,18.62,18.856,3478995,0
2010-09-14,18.827,18.837,18.512,18.62,2915482,0
2010-09-15,18.452,18.669,18.343,18.591,1932326,0
2010-09-16,18.571,18.934,18.531,18.915,3790179,0
2010-09-17,19.023,19.072,18.581,18.896,6136171,0
2010-09-20,19.023,19.907,19.023,19.847,4996513,0
2010-09-21,19.69,20.337,19.504,19.946,7215676,0
2010-09-22,19.927,20.309,19.68,19.818,4106208,0
2010-09-23,19.602,19.71,19.22,19.269,4471178,0
2010-09-24,19.582,20.397,19.446,20.387,4749766,0
2010-09-27,20.317,20.436,20.074,20.407,4321207,0
2010-09-28,20.476,20.555,20.035,20.526,3960020,0
2010-09-29,20.251,20.407,20.005,20.327,5691926,0
2010-09-30,20.461,20.541,19.922,20.208,3606019,0
2010-10-01,20.436,20.535,20.074,20.397,4026575,0
2010-10-04,20.367,20.832,20.29,20.337,5147497,0
2010-10-05,20.624,21.283,20.506,21.156,5052440,0
2010-10-06,21.096,21.381,21.029,21.215,3557435,0
2010-10-07,21.332,21.332,20.605,20.852,3828317,0
2010-10-08,20.862,21.381,20.694,21.255,3251583,0
2010-10-11,21.332,21.43,21.086,21.136,3381825,0
2010-10-12,21.086,21.205,20.694,21.106,2672501,0
2010-10-13,21.106,21.44,21.076,21.273,3179236,0
2010-10-14,21.255,21.362,20.842,20.97,3638642,0
2010-10-15,21.235,21.303,20.97,21.146,4810885,0
2010-10-18,20.832,21.039,20.664,20.901,4981199,0
2010-10-19,20.426,21.195,20.327,20.585,7805035,0
2010-10-20,20.015,20.664,19.582,20.426,10476915,0
2010-10-21,20.595,20.98,20.397,20.605,6234064,0
2010-10-22,20.605,20.634,20.347,20.595,3649426,0
2010-10-25,20.783,20.96,20.476,20.476,3174946,0
2010-10-26,20.29,20.595,20.251,20.317,4635014,0
2010-10-27,20.114,20.436,20.025,20.407,3360349,0
2010-10-28,20.496,20.644,20.251,20.309,4941805,0
2010-10-29,20.065,20.557,20.025,20.468,3854987,0
2010-11-01,20.644,20.892,20.241,20.426,2404377,0
2010-11-02,20.684,21.126,20.644,21.067,4085014,0
2010-11-03,21.048,21.519,20.94,21.255,4375008,0
2010-11-04,21.577,21.981,21.362,21.815,2996152,0
2010-11-05,21.882,22.512,21.736,22.228,4245212,0
2010-11-08,22.1,22.345,21.853,22.345,3973673,0
2010-11-09,22.355,22.424,21.932,22.06,3177424,0
2010-11-10,22.001,22.119,21.519,21.843,4052574,0
2010-11-11,21.666,21.736,21.44,21.499,3119982,0
2010-11-12,21.352,21.577,20.773,21,5162225,0
2010-11-15,21.039,21.166,20.793,20.793,3722218,0
2010-11-16,20.634,20.901,20.377,20.486,3283855,0
2010-11-17,20.486,20.842,20.387,20.565,2658769,0
2010-11-18,20.882,21.176,20.694,21.116,2947327,0
2010-11-19,21.048,21.255,20.99,21.235,2947228,0
2010-11-22,21.048,21.4,20.94,21.362,2638908,0
2010-11-23,21.352,21.352,21.029,21.166,2762024,0
2010-11-24,21.362,22.129,21.323,22.06,3134015,0
2010-11-26,21.716,22.001,21.41,21.686,1001276,0
2010-11-29,21.567,22.021,21.479,21.971,2894097,0
2010-11-30,21.583,22.086,21.535,21.978,3883697,0
2010-12-01,22.512,22.896,22.306,22.591,5726498,0
2010-12-02,22.572,23.241,22.454,23.004,4185615,0
2010-12-03,22.867,23.356,22.728,23.297,2448980,0
2010-12-06,23.152,23.191,22.778,22.837,4260971,0
2010-12-07,23.317,23.405,22.748,22.758,3830030,0
2010-12-08,22.837,22.974,22.572,22.69,2290111,0
2010-12-09,22.817,22.817,22.512,22.699,3460415,0
2010-12-10,22.797,23.201,22.61,23.004,3285001,0
2010-12-13,23.122,23.543,23.082,23.26,3888671,0
2010-12-14,23.279,23.769,23.26,23.484,2546302,0
2010-12-15,23.405,23.474,23.004,23.072,2645766,0
2010-12-16,23.159,23.295,22.854,22.952,2172181,0
2010-12-17,23.004,23.172,22.817,22.896,2927999,0
2010-12-20,22.945,23.356,22.877,23.191,2051037,0
2010-12-21,23.269,23.435,23.082,23.092,2203929,0
2010-12-22,23.102,23.102,22.827,22.915,2882626,0
2010-12-23,22.896,23.493,22.857,23.435,2109850,0
2010-12-27,23.25,23.611,23.172,23.572,1332372,0
2010-12-28,23.591,23.591,23.162,23.484,1675272,0
2010-12-29,23.582,23.582,23.161,23.24,1829830,0
2010-12-30,23.18,23.306,23.043,23.171,1271315,0
2010-12-31,23.147,23.451,23.019,23.236,1482835,0
2011-01-03,23.454,23.888,23.365,23.601,2860905,0
2011-01-04,23.591,23.749,23.162,23.346,3859775,0
2011-01-05,23.132,23.898,23.102,23.878,2520506,0
2011-01-06,23.838,24.263,23.838,24.045,2655301,0
2011-01-07,24.075,24.332,23.759,23.779,2529025,0
2011-01-10,23.562,23.946,23.395,23.917,1595833,0
2011-01-11,24.025,24.124,23.749,23.926,1538458,0
2011-01-12,24.223,24.647,24.144,24.501,3157858,0
2011-01-13,24.491,24.775,24.352,24.775,2687606,0
2011-01-14,24.647,24.952,24.421,24.912,2328202,0
2011-01-18,24.882,25.635,24.872,25.566,4206544,0
2011-01-19,25.497,25.694,24.94,25.028,3140201,0
2011-01-20,25.078,25.913,25.04,25.607,5783226,0
2011-01-21,25.774,26.327,25.744,26.179,4828383,0
2011-01-24,26.218,26.741,25.893,26.683,4646803,0
2011-01-25,26.495,26.634,25.863,26.614,6157177,0
2011-01-26,25.715,26.584,25.361,26.218,8433597,0
2011-01-27,26.416,26.654,26.268,26.525,3485447,0
2011-01-28,26.634,26.889,25.794,25.873,3611945,0
2011-01-31,25.899,26.157,25.75,25.839,4755474,0
2011-02-01,26.139,26.761,25.685,26.298,6289771,0
2011-02-02,26.169,26.367,25.952,26.317,4112036,0
2011-02-03,26.247,26.938,26.01,26.83,3503299,0
2011-02-04,26.918,26.966,26.456,26.741,2964439,0
2011-02-07,26.78,27.378,26.751,27.271,2921700,0
2011-02-08,27.368,27.514,26.928,27.436,3871472,0
2011-02-09,27.261,27.261,26.761,26.908,3100337,0
2011-02-10,26.713,26.898,26.465,26.683,2797360,0
2011-02-11,26.525,27.133,26.238,27.133,3879395,0
2011-02-14,27.045,27.291,26.898,26.928,1986871,0
2011-02-15,26.85,27.408,26.703,27.142,2717033,0
2011-02-16,27.232,27.729,27.182,27.484,3046628,0
2011-02-17,27.311,28.154,27.271,27.838,2605585,0
2011-02-18,27.869,28.381,27.859,28.017,3247451,0
2011-02-22,27.937,28.174,26.673,26.8,4715223,0
2011-02-23,26.741,27.142,25.518,26.119,5079248,0
2011-02-24,26.119,26.396,25.449,26.05,3112323,0
2011-02-25,26.267,26.713,26.119,26.693,1906831,0
2011-02-28,26.766,27.099,26.411,26.639,3336683,0
2011-03-01,26.733,26.771,25.576,25.803,5764478,0
2011-03-02,25.694,26.119,25.556,25.823,3708719,0
2011-03-03,26.257,27.143,26.198,26.85,4380144,0
2011-03-04,26.8,26.85,26.188,26.535,2741731,0
2011-03-07,26.673,27.055,25.902,26.188,4668427,0
2011-03-08,26.139,26.976,25.932,26.86,4345209,0
2011-03-09,26.723,27.123,26.535,27.083,4043913,0
2011-03-10,26.594,26.938,26.049,26.059,5382283,0
2011-03-11,25.862,26.317,25.664,26.228,2872917,0
2011-03-14,25.872,26.001,25.478,25.902,3278562,0
2011-03-15,24.853,25.428,24.093,25.213,6401004,0
2011-03-16,25.057,25.173,24.152,24.645,7356070,0
2011-03-17,25.177,25.306,24.777,24.895,3622313,0
2011-03-18,25.34,25.576,24.902,25.087,3939135,0
2011-03-21,25.872,26.317,25.488,26.257,2250798,0
2011-03-22,26.436,26.545,25.892,25.942,3041269,0
2011-03-23,26.346,27.172,26.109,27.025,5291120,0
2011-03-24,27.242,27.311,26.594,26.87,3206476,0
2011-03-25,26.967,27.133,26.525,26.574,3386997,0
2011-03-28,26.723,26.879,26.337,26.475,1865676,0
2011-03-29,26.406,26.634,26.119,26.555,1643078,0
2011-03-30,26.761,26.86,26.555,26.713,1888719,0
2011-03-31,26.663,27.065,26.425,26.948,2546022,0
2011-04-01,27.281,27.504,26.8,26.958,3317790,0
2011-04-04,27.055,27.172,26.83,27.153,2549829,0
2011-04-05,26.985,27.78,26.83,27.653,3772479,0
2011-04-06,27.928,28.185,27.281,27.563,2986437,0
2011-04-07,27.504,27.789,27.252,27.379,2806777,0
2011-04-08,27.524,27.73,26.594,26.733,3153230,0
2011-04-11,26.78,27.083,26.515,26.741,3540928,0
2011-04-12,26.52,26.746,26.163,26.451,3956195,0
2011-04-13,26.644,26.644,25.892,26.168,1840673,0
2011-04-14,25.517,26.049,25.252,25.843,3166057,0
2011-04-15,26.02,26.188,25.684,25.833,3947351,0
2011-04-18,25.38,25.517,25.105,25.36,3137252,0
2011-04-19,25.389,25.793,25.272,25.37,5046421,0
2011-04-20,24.132,25.193,24.073,25.096,9210922,0
2011-04-21,25.183,25.302,24.853,25.163,4503532,0
2011-04-25,25.153,25.34,24.843,25.133,4068202,0
2011-04-26,25.302,25.922,25.272,25.35,3191647,0
2011-04-27,25.35,25.566,25.123,25.419,4017581,0
2011-04-28,25.419,25.654,25.262,25.419,2007173,0
2011-04-29,25.474,25.939,25.434,25.671,2743365,0
2011-05-02,25.833,25.882,25.448,25.488,1997122,0
2011-05-03,25.042,25.286,24.658,24.992,4856170,0
2011-05-04,24.999,25.019,24.182,24.538,4763747,0
2011-05-05,24.333,24.865,24.175,24.313,2981971,0
2011-05-06,24.725,24.911,24.479,24.588,4222931,0
2011-05-09,24.597,24.804,24.509,24.578,2245906,0
2011-05-10,24.645,24.843,24.439,24.568,3151693,0
2011-05-11,24.63,24.668,24.105,24.442,3253936,0
2011-05-12,24.301,24.469,23.964,24.41,3357153,0
2011-05-13,24.479,24.518,24.023,24.212,3769169,0
2011-05-16,24.033,24.212,23.846,23.906,2875852,0
2011-05-17,23.737,23.767,22.844,23.07,6356840,0
2011-05-18,23.011,23.747,22.981,23.238,6947416,0
2011-05-19,23.344,23.53,22.883,23.041,4826100,0
2011-05-20,22.963,23.043,22.54,22.608,5504538,0
2011-05-23,22.292,22.421,21.732,21.732,7976680,0
2011-05-24,21.821,22.076,21.663,22.017,8093869,0
2011-05-25,21.86,22.441,21.831,22.254,3420204,0
2011-05-26,22.146,22.146,21.663,21.878,3961500,0
2011-05-27,21.958,22.206,21.909,22.107,3973161,0
2011-05-31,22.412,22.669,22.264,22.511,5949763,0
2011-06-01,22.442,22.481,21.948,21.958,5338362,0
2011-06-02,21.948,22.333,21.87,22.077,3996416,0
2011-06-03,21.673,22.028,21.515,21.564,3039784,0
2011-06-06,21.436,21.722,21.368,21.525,3327973,0
2011-06-07,21.613,21.683,21.171,21.211,4625672,0
2011-06-08,21.151,21.338,20.887,20.887,4442834,0
2011-06-09,20.945,21.191,20.748,21.092,4683566,0
2011-06-10,20.985,21.025,20.54,20.698,5698196,0
2011-06-13,20.738,21.025,20.649,20.877,3783482,0
2011-06-14,21.161,21.564,21.072,21.309,5583409,0
2011-06-15,21.102,21.396,20.935,21.053,3246268,0
2011-06-16,21.023,21.593,20.963,21.239,4111686,0
2011-06-17,21.446,21.643,21.269,21.406,4379183,0
2011-06-20,21.269,21.879,21.231,21.832,4030465,0
2011-06-21,22.087,22.618,21.948,22.53,4498990,0
2011-06-22,22.363,22.638,22.275,22.333,4442641,0
2011-06-23,21.968,22.608,21.663,22.54,7026878,0
2011-06-24,22.55,22.608,21.919,22.018,5449962,0
2011-06-27,22.018,22.196,21.713,22.097,1995134,0
2011-06-28,22.196,22.481,22.117,22.343,4057982,0
2011-06-29,22.51,22.914,22.333,22.855,3525022,0
2011-06-30,22.919,23.391,22.871,23.245,6809952,0
2011-07-01,23.336,23.779,23.2,23.572,4169663,0
2011-07-05,23.503,23.503,22.245,22.383,8382655,0
2011-07-06,22.392,22.59,22.156,22.284,3790061,0
2011-07-07,22.59,23.249,22.52,23.101,4721862,0
2011-07-08,22.726,22.983,22.402,22.944,4724547,0
2011-07-11,22.51,22.52,21.722,21.86,4224604,0
2011-07-12,21.722,21.889,21.663,21.732,3323159,0
2011-07-13,21.86,22.206,21.752,21.841,3102557,0
2011-07-14,21.85,22.087,21.377,21.574,4828206,0
2011-07-15,21.663,21.762,21.26,21.476,3234176,0
2011-07-18,21.338,21.505,20.935,21.112,2951943,0
2011-07-19,21.219,22.007,21.17,21.781,4518435,0
2011-07-20,22.914,24.313,22.008,24.056,12811141,0
2011-07-21,24.085,24.787,23.819,24.304,5957937,0
2011-07-22,24.274,24.668,23.966,24.383,3412608,0
2011-07-25,24.383,24.648,24.016,24.403,4677709,0
2011-07-26,24.376,24.445,24.038,24.316,3715229,0
2011-07-27,24.056,24.145,23.111,23.131,6676908,0
2011-07-28,23.122,23.534,22.649,22.659,4429068,0
2011-07-29,22.541,23.063,22.156,22.777,5476547,0
2011-08-01,23.062,23.081,21.564,21.929,7928313,0
2011-08-02,21.603,21.997,20.627,20.686,6391729,0
2011-08-03,20.679,20.827,19.762,20.342,8706766,0
2011-08-04,19.966,19.966,18.705,18.705,8101844,0
2011-08-05,18.927,18.995,17.743,18.305,10922418,0
2011-08-08,17.577,17.92,16.078,16.128,12198233,0
2011-08-09,16.267,17.204,15.921,17.184,8323211,0
2011-08-10,16.712,16.949,15.98,15.99,13658386,0
2011-08-11,16.148,16.968,16.068,16.692,9400972,0
2011-08-12,16.998,17.124,16.455,16.791,4916818,0
2011-08-15,16.949,17.222,16.692,16.88,5954806,0
2011-08-16,16.554,16.91,16.525,16.702,5584120,0
2011-08-17,16.87,16.92,16.405,16.485,6526515,0
2011-08-18,15.763,15.842,15.029,15.235,9057909,0
2011-08-19,14.941,15.537,14.891,14.979,7345682,0
2011-08-22,15.399,15.409,14.594,14.653,6603297,0
2011-08-23,14.752,14.979,14.534,14.979,7091055,0
2011-08-24,14.969,15.527,14.841,15.527,9224480,0
2011-08-25,15.674,15.803,14.782,14.821,8202954,0
2011-08-26,14.693,15.508,14.435,15.4,4967839,0
2011-08-29,15.724,16.237,15.625,16.197,4991152,0
2011-08-30,16.11,16.616,15.932,16.457,5182950,0
2011-08-31,16.624,16.782,16.395,16.614,5932567,0
2011-09-01,16.684,16.833,16.12,16.16,3242220,0
2011-09-02,15.712,15.82,15.222,15.319,4280769,0
2011-09-06,14.583,15.029,14.534,14.881,5033839,0
2011-09-07,15.187,15.469,15.038,15.44,5386859,0
2011-09-08,15.333,15.715,15.263,15.382,7702625,0
2011-09-09,15.127,15.323,14.881,15.048,7026879,0
2011-09-12,14.722,15.235,14.603,15.177,5608291,0
2011-09-13,15.177,15.665,15.038,15.528,5875390,0
2011-09-14,15.635,16.794,15.196,16.527,20096601,0
2011-09-15,16.814,17.472,16.814,17.207,10877723,0
2011-09-16,17.363,18.961,17.284,18.369,18209229,0
2011-09-19,17.727,17.943,16.734,17.324,15737376,0
2011-09-20,17.452,17.717,17.235,17.353,6070085,0
2011-09-21,17.334,17.727,16.675,16.694,8272264,0
2011-09-22,15.833,16.378,15.665,16.179,11067833,0
2011-09-23,15.992,17.019,15.952,16.694,5273130,0
2011-09-26,16.981,17.776,16.863,17.737,6604579,0
2011-09-27,18.289,18.745,18.082,18.428,10163925,0
2011-09-28,18.478,19.041,17.845,17.943,11305590,0
2011-09-29,18.468,18.518,17.727,17.973,10745326,0
2011-09-30,17.613,17.947,17.346,17.396,6787547,0
2011-10-03,17.225,17.983,16.447,16.487,11702710,0
2011-10-04,16.279,17.324,16.14,17.284,10599373,0
2011-10-05,17.423,17.826,17.225,17.776,8233905,0
2011-10-06,17.806,18.24,17.668,18.21,7609332,0
2011-10-07,18.418,18.458,17.884,18.082,6239283,0
2011-10-10,18.547,18.547,18.072,18.359,8098313,0
2011-10-11,18.23,18.319,18.042,18.22,7694463,0
2011-10-12,18.289,18.319,18.003,18.042,12901678,0
2011-10-13,17.904,18.022,17.383,17.816,5112985,0
2011-10-14,18.122,18.279,17.943,18.279,3377960,0
2011-10-17,18.19,18.289,17.707,17.746,7333354,0
2011-10-18,17.687,18.528,17.511,18.399,7258040,0
2011-10-19,18.656,18.971,18.23,18.329,6703833,0
2011-10-20,18.161,18.389,17.687,18.082,5110949,0
2011-10-21,18.379,18.844,18.309,18.805,4551376,0
2011-10-24,18.863,19.425,18.853,19.346,4429579,0
2011-10-25,19.031,19.09,18.478,18.508,4758234,0
2011-10-26,18.883,18.961,17.894,18.171,6836701,0
2011-10-27,19.031,20.125,18.883,19.828,7309742,0
2011-10-28,19.592,20.045,19.365,20.015,4759912,0
2011-10-31,19.589,19.756,19.145,19.145,3700038,0
2011-11-01,18.329,18.893,18.2,18.359,6021102,0
2011-11-02,18.991,18.991,17.904,18.022,7259650,0
2011-11-03,18.369,18.735,18.022,18.656,5521078,0
2011-11-04,18.249,18.538,18.151,18.349,4275383,0
2011-11-07,18.2,18.299,17.826,18.22,4094983,0
2011-11-08,18.309,18.547,18.003,18.488,2641493,0
2011-11-09,17.922,18.012,17.667,17.726,4663345,0
2011-11-10,18.032,18.249,17.815,18.171,3509846,0
2011-11-11,18.538,18.656,18.349,18.428,2586127,0
2011-11-14,18.418,18.795,18.329,18.478,2674542,0
2011-11-15,18.349,18.597,18.151,18.468,3841468,0
2011-11-16,18.18,18.607,18.012,18.151,2931787,0
2011-11-17,18.042,18.102,17.423,17.756,5475010,0
2011-11-18,17.972,18.279,17.932,18.259,6796055,0
2011-11-21,17.629,17.904,17.304,17.836,4773301,0
2011-11-22,17.746,17.904,17.492,17.756,2855610,0
2011-11-23,17.462,17.501,17.117,17.167,3279253,0
2011-11-25,17.106,17.47,16.989,17.086,1005726,0
2011-11-28,17.806,18.478,17.727,18.289,4777592,0
2011-11-29,18.349,18.607,18.151,18.379,3498673,0
2011-11-30,19.091,19.407,18.924,19.161,5673838,0
2011-12-01,19.001,19.386,18.913,19.12,3918006,0
2011-12-02,19.406,19.436,18.775,18.785,3549013,0
2011-12-05,19.219,19.268,18.785,19.011,3834251,0
2011-12-06,18.972,19.05,18.468,18.567,3376622,0
2011-12-07,18.577,18.696,18.269,18.518,2920492,0
2011-12-08,18.299,18.448,17.628,17.706,5288095,0
2011-12-09,17.825,18.042,17.599,17.972,6977914,0
2011-12-12,17.775,17.884,17.422,17.805,3735332,0
2011-12-13,17.962,18.002,17.008,17.126,5301541,0
2011-12-14,16.94,17.215,16.643,16.782,6573743,0
2011-12-15,17.076,17.145,16.812,16.999,3994498,0
2011-12-16,17.342,17.658,17.273,17.59,5777316,0
2011-12-19,17.51,17.677,16.921,16.969,3652085,0
2011-12-20,17.362,18.19,17.362,18.141,4205247,0
2011-12-21,18.171,18.239,17.815,18.091,2971756,0
2011-12-22,18.131,18.488,18.032,18.398,1936812,0
2011-12-23,18.428,18.538,18.259,18.528,1460703,0
2011-12-27,18.478,18.636,18.349,18.359,1177917,0
2011-12-28,18.418,18.428,17.696,17.922,2757450,0
2011-12-29,17.922,18.151,17.904,18.101,1653783,0
2011-12-30,18.015,18.392,18.005,18.253,1519245,0
2012-01-03,18.725,19.001,18.359,18.398,3566772,0
2012-01-04,18.369,18.795,18.131,18.765,3721532,0
2012-01-05,18.587,18.932,18.349,18.863,3948741,0
2012-01-06,18.883,18.962,18.705,18.873,2996489,0
2012-01-09,18.893,18.932,18.617,18.825,3522176,0
2012-01-10,19.12,19.997,19.041,19.909,10455479,0
2012-01-11,20.907,21.715,20.748,21.045,12286665,0
2012-01-12,21.083,21.222,20.897,21.045,4729966,0
2012-01-13,20.748,21.192,20.669,20.907,3346466,0
2012-01-17,21.259,21.832,21.17,21.385,5230723,0
2012-01-18,20.887,21.428,20.848,21.321,6860166,0
2012-01-19,21.379,21.725,21.242,21.359,4551236,0
2012-01-20,21.418,21.418,21.054,21.222,5361430,0
2012-01-23,21.321,21.991,21.232,21.468,4834074,0
2012-01-24,21.232,21.735,21.113,21.329,5691746,0
2012-01-25,23.667,24.797,23.509,24.441,18153053,0
2012-01-26,24.233,24.718,23.757,24.422,8237655,0
2012-01-27,24.253,25.158,24.134,24.886,4650214,0
2012-01-30,24.571,25.336,24.352,25.1,5006793,0
2012-01-31,25.218,25.503,24.807,25.148,6384404,0
2012-02-01,25.375,25.622,25.043,25.326,5323785,0
2012-02-02,25.356,25.532,25.003,25.168,3314184,0
2012-02-03,25.612,25.73,25.484,25.69,4891447,0
2012-02-06,25.444,25.78,25.336,25.592,4969014,0
2012-02-07,25.494,26.157,25.444,26.018,7262849,0
2012-02-08,25.989,26.851,25.989,26.724,7272806,0
2012-02-09,26.94,26.94,26.346,26.645,4227569,0
2012-02-10,26.236,26.663,26.057,26.613,2976896,0
2012-02-13,26.761,27.704,26.633,27.676,6364995,0
2012-02-14,27.912,27.922,27.343,27.616,6756635,0
2012-02-15,27.733,27.733,26.948,27.075,5278158,0
2012-02-16,27.036,27.517,26.996,27.507,4021523,0
2012-02-17,27.658,27.785,27.295,27.588,2331019,0
2012-02-21,27.586,27.713,27.174,27.343,2614197,0
2012-02-22,27.205,27.529,27.047,27.412,2451117,0
2012-02-23,27.381,27.556,27.056,27.361,4067413,0
2012-02-24,27.383,27.697,27.205,27.295,2176373,0
2012-02-27,27.046,27.313,26.84,27.164,3193564,0
2012-02-28,27.245,27.471,26.969,27.461,4247079,0
2012-02-29,27.434,27.631,27.06,27.158,3504923,0
2012-03-01,27.176,27.558,27.057,27.402,3055454,0
2012-03-02,27.285,27.431,26.585,26.674,3416378,0
2012-03-05,26.635,26.655,26.018,26.167,3461709,0
2012-03-06,25.573,25.582,24.944,25.013,6462226,0
2012-03-07,25.178,25.92,25.072,25.81,3524313,0
2012-03-08,26.078,26.426,25.89,26.326,2354386,0
2012-03-09,26.396,26.841,26.297,26.684,2578214,0
2012-03-12,26.674,26.832,26.366,26.724,2919960,0
2012-03-13,26.822,27.363,26.752,27.345,3280729,0
2012-03-14,27.295,27.441,26.998,27.176,2159764,0
2012-03-15,27.176,27.412,26.998,27.373,2575738,0
2012-03-16,27.354,27.489,26.998,27.146,3607134,0
2012-03-19,27.146,27.285,26.891,27.057,2149320,0
2012-03-20,26.822,26.891,26.157,26.297,3652061,0
2012-03-21,26.376,26.782,26.346,26.635,3274471,0
2012-03-22,26.267,26.386,25.78,26.108,2373728,0
2012-03-23,26.346,26.969,26.098,26.812,3045512,0
2012-03-26,27.076,27.578,27.076,27.461,2905842,0
2012-03-27,27.471,27.638,27.275,27.441,2598818,0
2012-03-28,27.373,27.421,26.674,27.007,2595018,0
2012-03-29,26.714,27.765,26.575,27.628,4204599,0
2012-03-30,27.769,27.858,27.188,27.492,2340652,0
2012-04-02,27.461,28.728,27.305,28.489,5020890,0
2012-04-03,28.479,28.826,28.024,28.539,5421732,0
2012-04-04,28.014,28.261,27.775,28.034,4256799,0
2012-04-05,27.895,28.054,27.345,27.354,1839798,0
2012-04-09,26.851,26.851,26.416,26.684,2715573,0
2012-04-10,26.615,26.724,25.999,26.078,3997456,0
2012-04-11,26.495,26.94,26.366,26.605,3033798,0
2012-04-12,26.625,27.215,26.505,27.017,2165055,0
2012-04-13,27.027,27.096,26.515,26.525,2793051,0
2012-04-16,26.772,26.93,26.277,26.684,2187446,0
2012-04-17,26.92,27.648,26.9,27.315,3830228,0
2012-04-18,27.215,27.295,25.79,26.326,8655067,0
2012-04-19,26.475,26.812,25.82,26.028,4935657,0
2012-04-20,26.287,26.714,26.287,26.426,3110726,0
2012-04-23,26.038,26.098,25.553,25.87,2913240,0
2012-04-24,25.969,26.356,25.79,26.316,2399080,0
2012-04-25,26.625,26.674,26.307,26.515,1991766,0
2012-04-26,26.475,26.595,26.257,26.475,2248509,0
2012-04-27,26.615,26.782,26.366,26.684,1813787,0
2012-04-30,26.587,26.656,26.188,26.318,2362546,0
2012-05-01,26.257,26.792,25.91,26.157,2673132,0
2012-05-02,25.999,26.366,25.86,26.207,1998605,0
2012-05-03,26.288,26.318,25.672,25.772,1641394,0
2012-05-04,25.681,25.721,24.983,25.188,2892198,0
2012-05-07,25.013,25.128,24.609,24.757,3092660,0
2012-05-08,24.481,24.491,24.083,24.381,3662333,0
2012-05-09,24.063,24.192,23.636,23.895,5047686,0
2012-05-10,24.133,24.282,23.855,23.934,1796549,0
2012-05-11,23.746,24.113,23.686,23.796,1612321,0
2012-05-14,23.39,23.706,23.215,23.341,2266199,0
2012-05-15,23.274,23.518,23.086,23.235,2861342,0
2012-05-16,23.39,23.548,22.779,22.879,2770853,0
2012-05-17,22.889,22.889,21.87,21.949,3328481,0
2012-05-18,21.979,22.583,21.703,22.078,5282618,0
2012-05-21,22.148,23.311,22.148,23.215,3466447,0
2012-05-22,23.225,23.331,22.977,23.165,3009420,0
2012-05-23,22.899,23.528,22.641,23.44,2253482,0
2012-05-24,23.558,23.646,23.056,23.489,3031873,0
2012-05-25,23.498,23.538,23.135,23.234,1262910,0
2012-05-29,23.538,23.934,23.351,23.895,2396404,0
2012-05-30,23.548,23.548,23.115,23.175,3082546,0
2012-05-31,23.162,23.545,22.617,23.338,2669715,0
2012-06-01,22.728,22.946,22.255,22.413,3260023,0
2012-06-04,22.483,22.573,22.088,22.424,2300328,0
2012-06-05,22.236,23.036,22.236,22.927,2333172,0
2012-06-06,23.273,23.924,23.184,23.865,2702381,0
2012-06-07,24.282,24.748,23.577,23.646,3446465,0
2012-06-08,23.587,24.033,23.34,24.013,2368525,0
2012-06-11,24.332,24.401,23.244,23.292,2288293,0
2012-06-12,23.746,24.312,23.439,24.222,2878495,0
2012-06-13,24.083,24.322,23.528,23.666,2286245,0
2012-06-14,23.686,24.123,23.577,24.013,2353747,0
2012-06-15,24.113,24.561,24.103,24.561,2040776,0
2012-06-18,24.322,24.561,24.063,24.461,3026689,0
2012-06-19,24.748,25.465,24.658,25.199,4039367,0
2012-06-20,25.159,25.881,25.033,25.594,2991918,0
2012-06-21,25.604,25.604,24.391,24.461,2153907,0
2012-06-22,24.668,24.748,24.063,24.292,2695056,0
2012-06-25,23.895,23.895,23.35,23.409,2070257,0
2012-06-26,23.419,23.587,23.095,23.194,3388269,0
2012-06-27,23.224,23.676,23.204,23.626,3154033,0
2012-06-28,23.33,23.746,23.184,23.547,2484039,0
2012-06-29,24.21,24.667,24.091,24.589,3340997,0
2012-07-02,24.658,24.698,24.023,24.242,2204079,0
2012-07-03,24.252,24.847,24.163,24.817,1333491,0
2012-07-05,24.658,24.827,24.491,24.581,1455241,0
2012-07-06,24.212,24.222,23.696,23.954,1790493,0
2012-07-09,24.003,24.133,23.805,23.905,1581945,0
2012-07-10,23.875,23.875,22.383,22.937,6825281,0
2012-07-11,22.927,23.036,22.216,22.236,6610414,0
2012-07-12,22.057,22.728,21.897,22.502,3733967,0
2012-07-13,22.521,22.996,22.403,22.888,3108504,0
2012-07-16,22.768,22.937,22.343,22.708,2061733,0
2012-07-17,22.966,23.359,22.502,22.708,4430253,0
2012-07-18,22.598,24.141,22.518,23.486,6744584,0
2012-07-19,25.544,26.398,24.915,26.199,9391318,0
2012-07-20,26.199,26.735,25.891,26.01,5599271,0
2012-07-23,25.337,25.722,24.935,25.594,3494101,0
2012-07-24,25.583,25.662,24.706,24.923,3870856,0
2012-07-25,25.219,25.554,24.668,25.023,3211954,0
2012-07-26,25.642,25.901,24.581,25.278,5286291,0
2012-07-27,25.652,26.219,25.248,26.099,3197298,0
2012-07-30,26.049,26.248,25.682,26.059,2318512,0
2012-07-31,25.94,26.288,25.731,25.751,2192190,0
2012-08-01,25.921,26.059,24.915,25.11,3604166,0
2012-08-02,24.973,25.405,24.499,24.914,3383332,0
2012-08-03,25.485,26.348,25.455,26.159,3000259,0
2012-08-06,26.149,26.219,25.782,25.812,1911181,0
2012-08-07,26.049,27.327,25.941,26.527,5934643,0
2012-08-08,26.288,26.517,25.782,26.229,4200642,0
2012-08-09,26.129,26.686,26.089,26.507,2029722,0
2012-08-10,26.268,26.547,26.139,26.527,1818883,0
2012-08-13,26.388,26.647,26.288,26.637,3089346,0
2012-08-14,26.696,26.883,26.408,26.487,2814243,0
2012-08-15,26.378,26.676,26.209,26.497,2348761,0
2012-08-16,26.547,26.893,26.298,26.696,2386438,0
2012-08-17,26.706,26.902,26.507,26.883,2154380,0
2012-08-20,26.794,27.138,26.716,26.962,1930569,0
2012-08-21,27.079,27.337,26.696,26.794,2034405,0
2012-08-22,26.774,26.854,26.517,26.627,2091097,0
2012-08-23,26.537,26.735,26.139,26.278,2557258,0
2012-08-24,26.218,26.358,25.751,26.228,2393418,0
2012-08-27,26.348,26.527,26.059,26.139,2589476,0
2012-08-28,26.149,26.358,25.971,26.189,2332764,0
2012-08-29,26.179,26.348,25.812,26.149,1423566,0
2012-08-30,25.901,25.921,25.534,25.762,1310937,0
2012-08-31,26.039,26.617,25.901,26.417,2771987,0
2012-09-04,26.318,26.407,25.691,26.109,2783751,0
2012-09-05,26.059,26.238,25.811,26.019,1766341,0
2012-09-06,26.308,26.902,26.198,26.754,2625244,0
2012-09-07,26.824,27.512,26.784,27.278,2650153,0
2012-09-10,27.04,27.148,26.804,26.804,2009476,0
2012-09-11,26.784,26.844,26.537,26.784,2351647,0
2012-09-12,26.864,27.612,26.804,27.376,2963461,0
2012-09-13,27.298,28.096,26.971,27.888,3797525,0
2012-09-14,27.888,28.494,27.819,28.058,3424635,0
2012-09-17,27.888,28.048,27.789,27.918,2572556,0
2012-09-18,27.878,27.938,27.298,27.562,2073229,0
2012-09-19,27.532,27.719,27.198,27.641,2500132,0
2012-09-20,27.338,27.482,26.834,27.248,2677668,0
2012-09-21,27.424,27.542,26.814,26.834,3141945,0
2012-09-24,26.676,26.696,26.318,26.517,2992713,0
2012-09-25,26.627,26.726,25.672,25.711,4716276,0
2012-09-26,25.642,25.871,25.217,25.672,4034370,0
2012-09-27,25.821,26.308,25.464,26.099,4225413,0
2012-09-28,25.99,26.069,25.533,25.891,2160378,0
2012-10-01,26.009,26.467,25.93,26.178,2090872,0
2012-10-02,26.278,26.298,25.405,25.503,2039252,0
2012-10-03,25.603,25.603,25.118,25.187,2788344,0
2012-10-04,25.376,25.494,25.022,25.197,5112484,0
2012-10-05,25.454,25.95,25.346,25.503,1799675,0
2012-10-08,25.356,25.603,25.177,25.356,1584640,0
2012-10-09,25.376,25.513,24.923,24.992,3198195,0
2012-10-10,24.895,25.032,24.686,24.953,2587590,0
2012-10-11,25.217,25.741,25.071,25.148,2746654,0
2012-10-12,25.177,25.405,24.856,25.217,2066820,0
2012-10-15,25.414,26.129,25.277,26.039,3071600,0
2012-10-16,26.378,26.378,26.059,26.178,2474408,0
2012-10-17,24.061,25.167,23.27,24.686,11067677,0
2012-10-18,24.539,25.901,24.141,25.474,6134811,0
2012-10-19,26.029,26.129,25.042,25.237,4196410,0
2012-10-22,25.167,25.593,25.071,25.395,2560987,0
2012-10-23,25.052,25.157,24.559,25.042,2877936,0
2012-10-24,25.197,25.317,24.716,24.736,2052580,0
2012-10-25,25.012,25.257,24.943,25.237,2234003,0
2012-10-26,25.247,25.405,25.1,25.287,1641336,0
2012-10-31,25.257,25.317,24.816,24.943,3146013,0
2012-11-01,25.022,26.308,25.022,25.317,5214138,0
2012-11-02,25.376,25.652,24.796,24.806,4145727,0
2012-11-05,24.746,24.992,24.569,24.914,2339554,0
2012-11-06,25.09,25.118,24.736,24.923,3078350,0
2012-11-07,24.579,24.618,23.703,23.843,5527355,0
2012-11-08,23.684,23.971,23.555,23.634,4699967,0
2012-11-09,23.456,23.893,23.387,23.604,3264254,0
2012-11-12,23.654,23.694,23.348,23.535,2741216,0
2012-11-13,23.338,24.2,23.289,23.733,1962224,0
2012-11-14,23.793,23.931,22.924,22.953,4118225,0
2012-11-15,22.934,23.231,22.865,22.895,2568986,0
2012-11-16,22.924,23.112,22.637,22.875,3642539,0
2012-11-19,23.211,23.348,23.043,23.318,2211053,0
2012-11-20,23.201,23.427,23.082,23.308,1740409,0
2012-11-21,23.279,23.495,23.231,23.338,1260567,0
2012-11-23,23.427,23.565,23.318,23.525,496488,0
2012-11-26,23.348,23.684,23.348,23.555,1433269,0
2012-11-27,23.545,23.813,23.446,23.446,2040082,0
2012-11-28,23.25,23.624,23.102,23.585,2000332,0
2012-11-29,23.723,23.863,23.476,23.654,1333525,0
2012-11-30,23.624,23.694,23.172,23.241,3416739,0
2012-12-03,23.367,23.446,22.825,22.835,2309207,0
2012-12-04,22.835,22.973,22.667,22.775,2497847,0
2012-12-05,22.885,23.211,22.598,22.924,5072539,0
2012-12-06,22.914,23.397,22.775,23.397,2284883,0
2012-12-07,23.446,23.694,23.298,23.535,2263643,0
2012-12-10,23.495,23.961,23.486,23.931,2223911,0
2012-12-11,24.071,24.29,23.922,23.961,1920653,0
2012-12-12,23.991,24.24,23.743,23.763,2332542,0
2012-12-13,23.693,23.981,23.623,23.803,2751742,0
2012-12-14,23.763,24.141,23.743,24.021,3138174,0
2012-12-17,24.081,24.31,24.041,24.111,5374900,0
2012-12-18,24.131,24.48,24.091,24.44,2950566,0
2012-12-19,24.43,24.618,24.34,24.38,2570796,0
2012-12-20,24.34,24.53,24.3,24.47,2363890,0
2012-12-21,23.951,24.38,23.922,24.24,3133100,0
2012-12-24,24.171,24.24,24.081,24.171,678548,0
2012-12-26,24.191,24.191,23.773,23.931,2046958,0
2012-12-27,23.903,24.151,23.643,24.061,2428436,0
2012-12-28,23.793,24.021,23.663,23.883,1731272,0
2012-12-31,23.773,24.579,23.703,24.549,2401163,0
2013-01-02,24.924,25.228,24.875,25.228,3314726,0
2013-01-03,25.218,25.693,25.101,25.436,5020770,0
2013-01-04,25.763,26.27,25.753,25.972,5160434,0
2013-01-07,26.16,26.28,25.802,26.14,2896032,0
2013-01-08,26.011,26.15,25.912,26.1,2797950,0
2013-01-09,26.21,26.34,26.011,26.11,2092329,0
2013-01-10,26.21,26.35,25.992,26.35,3057972,0
2013-01-11,26.26,26.39,26.031,26.15,2021306,0
2013-01-14,26.14,26.24,25.902,26.19,1993240,0
2013-01-15,25.942,26.21,25.892,26.15,2447983,0
2013-01-16,25.952,26.13,25.822,26.031,2145295,0
2013-01-17,26.16,26.935,26.14,26.826,3786473,0
2013-01-18,26.905,26.955,26.429,26.955,2402826,0
2013-01-22,26.935,26.955,26.429,26.816,3423101,0
2013-01-23,26.559,27.792,26.34,27.565,6738577,0
2013-01-24,27.575,28.17,27.555,28.1,4980020,0
2013-01-25,28.388,28.468,28.081,28.468,3073088,0
2013-01-28,28.458,28.558,28.13,28.398,2363407,0
2013-01-29,28.309,28.657,28.15,28.548,2144105,0
2013-01-30,28.538,29.102,28.358,28.438,2496432,0
2013-01-31,28.358,28.893,28.358,28.478,2820589,0
2013-02-01,28.757,28.866,28.518,28.607,2719441,0
2013-02-04,28.398,28.707,28.26,28.309,1520515,0
2013-02-05,28.528,28.707,28.388,28.558,1996082,0
2013-02-06,28.378,28.846,28.289,28.757,2110868,0
2013-02-07,28.797,28.933,28.24,28.647,1910672,0
2013-02-08,28.637,29.122,28.637,29.023,2436524,0
2013-02-11,29.033,29.291,28.826,29.271,2378564,0
2013-02-12,29.291,29.36,28.826,28.856,2192430,0
2013-02-13,28.993,29.458,28.923,29.112,1661968,0
2013-02-14,28.953,29.221,28.807,29.192,1874973,0
2013-02-15,29.162,29.458,28.993,29.102,2767531,0
2013-02-19,29.172,29.439,29.033,29.291,5293352,0
2013-02-20,29.231,29.409,28.856,28.933,2508275,0
2013-02-21,28.836,28.836,28.011,28.299,3419391,0
2013-02-22,28.408,28.866,28.408,28.856,2056543,0
2013-02-25,29.003,29.102,27.693,27.693,3581669,0
2013-02-26,27.822,27.971,27.437,27.782,2659714,0
2013-02-27,27.782,28.727,27.732,28.518,2169748,0
2013-02-28,28.568,28.953,28.548,28.568,2094108,0
2013-03-01,28.309,28.518,27.951,28.19,2554790,0
2013-03-04,28.09,28.428,27.892,28.358,2610523,0
2013-03-05,28.587,29.35,28.587,29.142,2450451,0
2013-03-06,29.231,29.697,29.231,29.527,2774791,0
2013-03-07,29.478,29.657,29.33,29.37,2003063,0
2013-03-08,29.597,30.159,29.527,30.1,2206653,0
2013-03-11,29.873,30.467,29.517,30.398,2212017,0
2013-03-12,30.288,30.627,30.149,30.358,2128755,0
2013-03-13,30.368,30.577,30.208,30.477,1681015,0
2013-03-14,30.547,30.904,30.527,30.865,3813231,0
2013-03-15,30.726,30.964,30.617,30.766,3987568,0
2013-03-18,30.408,30.816,29.962,30.637,1734748,0
2013-03-19,30.786,30.865,30.178,30.418,1615420,0
2013-03-20,30.696,31.013,30.497,30.924,1917645,0
2013-03-21,30.716,30.934,30.428,30.428,1409686,0
2013-03-22,30.627,30.826,30.368,30.467,2092242,0
2013-03-25,30.308,30.547,29.369,29.418,3246561,0
2013-03-26,29.706,29.804,29.418,29.587,1765667,0
2013-03-27,29.378,29.378,28.952,29.231,2055139,0
2013-03-28,29.32,29.587,29.111,29.537,1839046,0
2013-04-01,29.547,29.587,28.786,28.922,2377634,0
2013-04-02,29.071,29.25,28.308,28.506,2095073,0
2013-04-03,28.506,28.716,28.248,28.258,2372034,0
2013-04-04,28.318,28.546,28.198,28.526,1972760,0
2013-04-05,28.03,28.457,27.9,28.298,2957715,0
2013-04-08,28.268,28.706,28.168,28.706,1919638,0
2013-04-09,28.816,28.816,28.328,28.417,2224045,0
2013-04-10,28.477,29.022,28.477,28.873,2350867,0
2013-04-11,28.892,29.942,28.892,29.666,3849982,0
2013-04-12,29.507,29.587,29.27,29.537,2154797,0
2013-04-15,29.369,29.378,28.168,28.218,1820186,0
2013-04-16,28.526,29.191,28.506,29.081,4457009,0
2013-04-17,26.397,26.477,24.99,25.175,16781352,0
2013-04-18,25.829,26.058,25.364,25.521,6179764,0
2013-04-19,25.501,26.257,25.285,26.108,3770446,0
2013-04-22,26.108,26.168,25.265,25.541,3199826,0
2013-04-23,25.67,25.969,25.384,25.482,3971151,0
2013-04-24,25.551,25.809,25.295,25.521,4057447,0
2013-04-25,25.69,26.197,25.67,25.939,3945308,0
2013-04-26,25.78,25.909,25.305,25.819,5847586,0
2013-04-29,25.899,26.088,25.71,25.899,1832034,0
2013-04-30,25.72,25.879,25.393,25.511,2048503,0
2013-05-01,25.422,25.501,24.643,24.653,3979478,0
2013-05-02,24.793,25.422,24.683,25.334,6252333,0
2013-05-03,25.74,26.068,25.462,25.482,4121468,0
2013-05-06,25.482,26.537,25.442,26.517,4425820,0
2013-05-07,26.656,27.229,26.537,26.656,3482359,0
2013-05-08,26.616,26.636,26.307,26.487,1571519,0
2013-05-09,26.497,27,26.437,26.794,1830714,0
2013-05-10,26.774,26.884,26.447,26.884,1997437,0
2013-05-13,26.864,26.981,26.726,26.903,2562201,0
2013-05-14,26.913,27.099,26.824,27.069,2470471,0
2013-05-15,27,27.376,26.884,27.357,1604434,0
2013-05-16,27.239,27.553,27.169,27.347,4015298,0
2013-05-17,27.513,28,27.435,27.99,2550049,0
2013-05-20,27.86,28.03,27.78,27.94,2081407,0
2013-05-21,27.99,28.128,27.74,27.83,2207107,0
2013-05-22,27.86,28.158,27,27.03,3701863,0
2013-05-23,26.686,27.089,26.527,26.903,2943336,0
2013-05-24,26.754,27.406,26.467,27.259,2233997,0
2013-05-28,27.623,27.92,27.435,27.543,2381698,0
2013-05-29,27.289,27.338,26.666,26.696,2612304,0
2013-05-30,26.387,27.129,26.357,27.069,2830099,0
2013-05-31,26.901,27.318,26.715,26.715,3049973,0
2013-06-03,26.804,26.933,26.148,26.586,1710273,0
2013-06-04,26.517,26.844,26.058,26.217,3387352,0
2013-06-05,26.118,26.118,25.422,25.501,1698233,0
2013-06-06,25.511,26.227,25.432,26.227,2087356,0
2013-06-07,26.377,26.933,26.237,26.676,2652578,0
2013-06-10,26.716,27.03,26.576,26.666,2428440,0
2013-06-11,26.347,27.159,26.237,26.407,3497438,0
2013-06-12,26.696,26.754,25.769,25.899,3331571,0
2013-06-13,25.909,26.507,25.709,26.377,2271496,0
2013-06-14,26.337,26.636,26.157,26.277,2048185,0
2013-06-17,26.527,27.09,26.397,26.864,2630448,0
2013-06-18,26.933,27.09,26.676,26.953,2225015,0
2013-06-19,26.953,27.08,26.666,26.676,2498930,0
2013-06-20,26.337,26.337,25.859,25.869,3179895,0
2013-06-21,26.107,26.107,25.402,25.679,3928721,0
2013-06-24,25.383,25.402,24.871,25.057,2910006,0
2013-06-25,25.363,25.501,25.164,25.174,2641211,0
2013-06-26,25.462,25.699,25.304,25.55,1600967,0
2013-06-27,25.789,26.227,25.729,26.157,1072731,0
2013-06-28,25.999,26.117,25.799,25.829,3215513,0
2013-07-01,25.929,26.217,25.809,25.959,2059493,0
2013-07-02,25.889,26.077,25.314,25.402,1510086,0
2013-07-03,25.214,25.492,25.144,25.422,882379,0
2013-07-05,25.689,26.028,25.6,26.018,1233817,0
2013-07-08,26.147,26.487,25.939,26.087,4862755,0
2013-07-09,26.347,26.716,26.267,26.666,2786932,0
2013-07-10,26.666,27.12,26.597,27.051,2967022,0
2013-07-11,27.436,27.534,27.13,27.504,2774261,0
2013-07-12,27.446,27.721,27.12,27.407,2390704,0
2013-07-15,27.348,27.524,27.269,27.484,1812025,0
2013-07-16,27.456,27.684,27.377,27.494,3586112,0
2013-07-17,27.584,27.721,26.696,27.504,6306066,0
2013-07-18,27.534,28.2,27.484,28.031,4130013,0
2013-07-19,28.071,28.468,27.801,28.299,2769054,0
2013-07-22,28.508,28.994,28.418,28.718,3552905,0
2013-07-23,28.758,29.153,28.638,28.668,3016944,0
2013-07-24,28.778,28.846,27.634,27.684,3559688,0
2013-07-25,27.574,27.821,27.339,27.594,2824643,0
2013-07-26,27.397,27.524,27.179,27.358,1371374,0
2013-07-29,27.11,27.426,27.11,27.417,1591394,0
2013-07-30,27.524,27.624,27.299,27.436,2205364,0
2013-07-31,27.514,27.514,27.1,27.15,3050541,0
2013-08-01,27.456,28.368,27.446,28.358,3343429,0
2013-08-02,28.279,28.488,28.061,28.488,2664458,0
2013-08-05,28.408,28.885,28.378,28.738,3818322,0
2013-08-06,28.668,28.718,28.2,28.22,2142167,0
2013-08-07,28.1,28.26,27.751,27.931,1645890,0
2013-08-08,28.11,28.388,27.941,27.971,2466977,0
2013-08-09,27.941,28.1,27.684,27.761,1321810,0
2013-08-12,27.504,27.931,27.436,27.475,1760360,0
2013-08-13,27.584,28.658,27.554,28.518,3702735,0
2013-08-14,28.388,28.588,28.041,28.071,1828239,0
2013-08-15,27.721,27.841,27.494,27.624,2272365,0
2013-08-16,27.504,27.791,27.189,27.367,2312192,0
2013-08-19,27.219,27.299,26.913,27.021,2475170,0
2013-08-20,27.021,27.219,26.933,26.972,1430529,0
2013-08-21,26.913,27.367,26.814,27.031,2242287,0
2013-08-22,27.16,27.446,27.13,27.319,961750,0
2013-08-23,27.377,27.624,27.329,27.514,1337300,0
2013-08-26,27.614,27.861,27.339,27.377,1135265,0
2013-08-27,27.021,27.189,26.397,26.427,1662784,0
2013-08-28,26.387,26.676,26.317,26.587,1739515,0
2013-08-29,26.437,27.179,26.437,27.179,2316343,0
2013-08-30,27.259,27.259,26.636,26.716,1617754,0
2013-09-03,27.098,27.386,26.842,27.049,1472470,0
2013-09-04,26.98,27.366,26.842,27.318,2089651,0
2013-09-05,27.308,27.84,27.238,27.82,1799039,0
2013-09-06,27.9,28.189,27.465,27.93,1900307,0
2013-09-09,27.991,28.826,27.991,28.718,2636318,0
2013-09-10,28.885,29.559,28.856,29.253,3544639,0
2013-09-11,29.253,29.342,29.024,29.153,2024031,0
2013-09-12,29.163,29.183,28.07,28.209,4280649,0
2013-09-13,28.159,28.498,27.76,28.448,2614023,0
2013-09-16,28.836,29.004,28.637,28.826,1589223,0
2013-09-17,28.817,29.153,28.757,29.123,1571842,0
2013-09-18,29.103,29.253,28.737,29.083,1859032,0
2013-09-19,29.193,29.193,28.647,28.777,1784144,0
2013-09-20,28.777,28.817,28.249,28.249,2566440,0
2013-09-23,28.249,28.249,27.86,27.99,1873151,0
2013-09-24,28.099,28.637,27.98,28.06,4347845,0
2013-09-25,28.01,28.169,27.366,27.672,3475895,0
2013-09-26,27.653,27.74,27.416,27.72,2884543,0
2013-09-27,27.523,27.8,27.416,27.682,1388510,0
2013-09-30,27.258,27.643,27.128,27.396,1533637,0
2013-10-01,27.386,27.74,27.308,27.653,1769388,0
2013-10-02,27.455,27.455,27.039,27.416,1812083,0
2013-10-03,27.268,27.338,26.505,26.892,2572271,0
2013-10-04,26.842,26.921,26.585,26.911,1731067,0
2013-10-07,26.505,26.882,26.455,26.675,2106901,0
2013-10-08,26.685,27.009,26.355,26.395,2578164,0
2013-10-09,26.475,26.485,25.966,26.255,2946838,0
2013-10-10,26.615,27.078,26.535,27.049,1790879,0
2013-10-11,27.009,27.318,26.911,27.098,1668264,0
2013-10-14,26.832,27.168,26.725,27.078,1654492,0
2013-10-15,26.951,26.951,26.355,26.465,2138571,0
2013-10-16,26.675,26.921,26.305,26.852,2129323,0
2013-10-17,26.763,27.357,26.645,27.308,2634057,0
2013-10-18,26.545,28.279,26.345,28.03,6916466,0
2013-10-21,28.089,28.209,27.75,27.96,2982349,0
2013-10-22,28.05,28.408,27.97,28.189,2216608,0
2013-10-23,28.03,28.358,27.97,28.289,2738228,0
2013-10-24,28.309,28.836,28.309,28.817,2698096,0
2013-10-25,28.817,28.885,28.498,28.846,1806982,0
2013-10-28,28.787,28.866,28.627,28.817,1308906,0
2013-10-29,28.866,28.944,28.697,28.894,980954,0
2013-10-30,28.904,29.173,28.597,28.767,1418642,0
2013-10-31,28.687,28.836,28.398,28.567,1623923,0
2013-11-01,28.577,28.954,28.438,28.777,1963981,0
2013-11-04,28.846,29.303,28.836,29.233,1820427,0
2013-11-05,29.153,29.173,28.826,28.875,1668918,0
2013-11-06,29.004,29.243,28.875,29.223,1294008,0
2013-11-07,29.303,29.569,29.014,29.153,2723843,0
2013-11-08,29.133,30.054,29.133,30.044,3511269,0
2013-11-11,29.886,30.153,29.747,30.103,1569012,0
2013-11-12,29.984,30.501,29.955,30.431,2783329,0
2013-11-13,30.123,30.86,30.074,30.84,2150874,0
2013-11-14,30.78,30.939,30.212,30.431,2537510,0
2013-11-15,30.431,30.511,30.252,30.411,1445402,0
2013-11-18,30.521,30.86,30.321,30.431,1709808,0
2013-11-19,30.451,30.661,30.113,30.162,1910402,0
2013-11-20,30.222,30.82,30.133,30.272,3060279,0
2013-11-21,30.351,31.425,30.351,31.266,2858859,0
2013-11-22,31.256,31.821,31.226,31.732,2589901,0
2013-11-25,31.821,32.536,31.732,32.456,2978199,0
2013-11-26,32.506,32.824,32.306,32.516,2663325,0
2013-11-27,32.545,33.527,32.506,32.992,2370684,0
2013-11-29,33.002,33.19,32.794,32.972,1222572,0
2013-12-02,32.992,33.438,32.814,32.864,2521409,0
2013-12-03,32.774,33.081,32.041,32.376,3412760,0
2013-12-04,32.198,32.296,31.346,32.011,3011492,0
2013-12-05,31.445,32.266,31.296,32.051,1780376,0
2013-12-06,32.446,32.615,32.178,32.366,1411600,0
2013-12-09,32.396,32.585,32.06,32.158,1444361,0
2013-12-10,32.031,32.396,31.792,31.991,1363166,0
2013-12-11,31.991,32.071,31.246,31.366,1608679,0
2013-12-12,31.356,31.514,31.176,31.286,1411169,0
2013-12-13,31.366,31.584,31.106,31.236,1357503,0
2013-12-16,31.376,32.101,31.256,31.881,1947471,0
2013-12-17,31.931,32.011,31.534,31.871,2009148,0
2013-12-18,31.871,32.605,31.712,32.555,2436593,0
2013-12-19,32.316,32.526,32.188,32.336,1467934,0
2013-12-20,32.476,37.162,32.426,37.024,12810895,0
2013-12-23,36.121,36.586,35.395,36.121,6596379,0
2013-12-24,35.773,36.389,35.603,35.743,1484953,0
2013-12-26,36.061,36.428,35.823,35.942,1616406,0
2013-12-27,36.081,36.884,35.883,36.35,3825092,0
2013-12-30,36.379,36.438,35.932,36.171,1414227,0
2013-12-31,36.31,36.676,36.222,36.497,1247797,0
2014-01-02,36.487,36.487,35.932,36.031,1477773,0
2014-01-03,36.081,36.676,35.633,36.051,2397019,0
2014-01-06,36.241,36.517,35.902,35.902,3926827,0
2014-01-07,35.247,35.803,34.958,35.504,3024214,0
2014-01-08,35.583,35.793,35.267,35.524,1975761,0
2014-01-09,35.733,35.843,35.345,35.563,1233267,0
2014-01-10,35.583,35.743,35.277,35.415,1534602,0
2014-01-13,35.207,35.355,34.412,34.501,2837682,0
2014-01-14,34.482,35.018,34.452,34.948,2227869,0
2014-01-15,34.988,35.553,34.78,35.355,2049141,0
2014-01-16,35.257,35.534,35.157,35.395,1784881,0
2014-01-17,35.306,35.982,35.257,35.843,3270384,0
2014-01-21,36.211,36.231,35.425,35.843,4964134,0
2014-01-22,36.33,38.96,36.33,37.729,6907343,0
2014-01-23,37.451,37.819,37.192,37.52,3593404,0
2014-01-24,37.053,37.122,36.051,36.151,3333365,0
2014-01-27,36.231,36.944,35.663,36.507,3300160,0
2014-01-28,36.626,36.846,36.29,36.567,2229291,0
2014-01-29,36.091,36.487,35.703,35.843,2273967,0
2014-01-30,36.3,36.606,35.893,36.131,1711428,0
2014-01-31,35.454,35.623,35.187,35.246,4035434,0
2014-02-03,35.306,35.504,33.967,34.036,3214102,0
2014-02-04,34.125,34.988,33.578,34.849,2273147,0
2014-02-05,34.422,34.888,33.907,34.581,1708314,0
2014-02-06,34.195,35.107,34.195,35.018,1032575,0
2014-02-07,35.137,35.753,35.107,35.563,1698499,0
2014-02-10,35.484,35.593,34.878,34.968,2059404,0
2014-02-11,34.998,35.902,34.998,35.893,1791846,0
2014-02-12,35.893,36.726,35.893,36.567,2088404,0
2014-02-13,36.201,36.616,35.932,36.577,939847,0
2014-02-14,36.507,37.112,36.211,37.063,1120019,0
2014-02-18,37.212,37.609,37.073,37.56,1804026,0
2014-02-19,37.292,37.599,36.904,37.004,1885566,0
2014-02-20,37.092,38.284,37.053,38.254,2687192,0
2014-02-21,38.016,38.264,37.759,38.036,4028299,0
2014-02-24,38.184,39.298,38.134,38.91,2481395,0
2014-02-25,38.86,39.08,38.513,38.523,2305108,0
2014-02-26,38.653,39.02,38.434,38.523,2530720,0
2014-02-27,38.732,39.644,38.583,39.605,2614619,0
2014-02-28,39.614,39.793,38.99,39.417,1929348,0
2014-03-03,38.821,39.07,38.424,38.831,1248468,0
2014-03-04,39.388,39.833,39.378,39.605,1447058,0
2014-03-05,39.664,40.09,39.418,39.684,1572497,0
2014-03-06,39.763,40.11,39.703,39.823,1270629,0
2014-03-07,40.06,40.26,39.437,39.893,1668729,0
2014-03-10,39.644,39.644,38.693,39.348,2626366,0
2014-03-11,39.378,39.506,38.782,38.94,1862196,0
2014-03-12,38.573,38.801,38.314,38.533,1610240,0
2014-03-13,38.732,38.87,37.351,37.569,1979277,0
2014-03-14,37.539,37.996,37.45,37.499,1349865,0
2014-03-17,37.928,38.523,37.878,38.144,1519091,0
2014-03-18,38.154,38.623,38.124,38.533,1059923,0
2014-03-19,38.722,39.06,37.976,38.304,1696311,0
2014-03-20,38.304,38.583,38.056,38.214,1253717,0
2014-03-21,38.593,38.792,37.947,38.154,3786672,0
2014-03-24,38.304,38.314,37.201,37.638,2327914,0
2014-03-25,38.085,38.85,37.898,38.643,2761856,0
2014-03-26,38.801,38.88,37.738,37.768,1987178,0
2014-03-27,37.718,37.838,37.251,37.529,1099228,0
2014-03-28,37.678,38.503,37.678,38.274,814325,0
2014-03-31,38.583,39.159,38.533,39.03,1101055,0
2014-04-01,39.189,39.654,39.099,39.624,1209873,0
2014-04-02,40.181,40.281,39.813,40.161,1569997,0
2014-04-03,40.151,40.381,39.447,39.833,1633065,0
2014-04-04,40.211,40.391,38.683,38.821,1366217,0
2014-04-07,38.752,39.03,37.698,37.966,2090196,0
2014-04-08,38.036,38.334,37.768,37.918,2237865,0
2014-04-09,38.234,39.04,37.956,39.03,1130293,0
2014-04-10,39.02,39.02,37.708,37.718,1905180,0
2014-04-11,37.44,37.44,36.685,36.715,2187235,0
2014-04-14,37.151,37.519,36.685,37.121,1158878,0
2014-04-15,37.221,37.618,36.516,37.46,1036778,0
2014-04-16,37.938,38.673,37.658,38.633,2066061,0
2014-04-17,38.703,39.556,38.523,39.278,1751324,0
2014-04-21,39.338,39.428,38.98,39.179,1488062,0
2014-04-22,39.308,40.001,39.308,39.793,2186414,0
2014-04-23,39.833,40.111,39.753,39.883,1372750,0
2014-04-24,40.471,40.471,39.129,39.467,1891379,0
2014-04-25,39.388,39.388,38.742,39,1049224,0
2014-04-28,39.268,39.526,38.384,39,1695742,0
2014-04-29,39.278,39.743,39.129,39.723,1484479,0
2014-04-30,39.605,40.629,39.378,40.629,3089773,0
2014-05-01,38.563,39.883,38.244,38.722,5377254,0
2014-05-02,38.811,39.467,38.593,38.792,2633626,0
2014-05-05,39.249,39.268,38.424,39.119,1755191,0
2014-05-06,38.95,39.06,38.663,38.693,1562360,0
2014-05-07,38.742,38.89,38.264,38.693,1465408,0
2014-05-08,38.683,39.328,38.414,38.444,2063676,0
2014-05-09,38.414,38.523,37.976,38.204,1743827,0
2014-05-12,38.474,39.703,38.374,39.595,2853018,0
2014-05-13,39.733,40.101,39.585,39.723,1637106,0
2014-05-14,39.723,39.723,39.199,39.437,1134053,0
2014-05-15,39.219,39.358,38.683,38.91,1919629,0
2014-05-16,38.88,38.99,38.314,38.96,1720837,0
2014-05-19,38.792,39.378,38.683,38.99,1662817,0
2014-05-20,38.94,39.01,37.668,37.838,2808876,0
2014-05-21,37.947,38.344,37.678,37.848,2532108,0
2014-05-22,37.898,38.095,37.718,37.828,2165497,0
2014-05-23,38.066,38.633,37.947,38.523,1482702,0
2014-05-27,38.613,38.801,38.503,38.752,677015,0
2014-05-28,38.831,39.169,38.772,38.831,1054754,0
2014-05-29,38.94,39.119,38.693,39.01,819735,0
2014-05-30,38.89,39.01,38.643,38.96,1069411,0
2014-06-02,38.95,39.149,38.673,39.01,1049349,0
2014-06-03,38.94,39.239,38.553,38.98,748663,0
2014-06-04,38.801,39.01,38.673,38.9,508039,0
2014-06-05,39,39.358,38.93,39.318,2078081,0
2014-06-06,39.457,40.051,39.457,39.913,1306425,0
2014-06-09,39.973,40.878,39.923,40.659,1523093,0
2014-06-10,40.461,40.609,40.061,40.511,1055924,0
2014-06-11,40.301,40.361,39.853,39.943,900845,0
2014-06-12,39.803,39.833,39.009,39.138,1053691,0
2014-06-13,39.138,39.397,38.82,39.158,928536,0
2014-06-16,39.079,39.138,38.672,39.108,963327,0
2014-06-17,39.108,39.516,38.879,39.317,901624,0
2014-06-18,39.337,39.585,38.959,39.446,998012,0
2014-06-19,39.407,39.654,38.999,39.248,1009367,0
2014-06-20,39.446,39.753,39.397,39.476,1780261,0
2014-06-23,39.516,39.526,38.741,38.939,1052023,0
2014-06-24,38.889,38.939,37.597,37.617,2767495,0
2014-06-25,37.518,37.927,37.339,37.817,2098925,0
2014-06-26,37.937,38.035,37.309,37.817,1027313,0
2014-06-27,37.727,38.612,37.657,38.572,1763234,0
2014-06-30,38.413,38.492,37.975,38.055,1455501,0
2014-07-01,38.153,38.791,38.055,38.243,1378410,0
2014-07-02,38.193,38.453,37.867,37.937,1583431,0
2014-07-03,38.153,38.223,38.015,38.094,1370224,0
2014-07-07,38.075,38.075,37.309,37.478,1676946,0
2014-07-08,37.468,37.707,36.911,36.951,1890122,0
2014-07-09,37.229,37.369,36.961,37.109,1613370,0
2014-07-10,36.753,37.359,36.386,37.109,2095161,0
2014-07-11,37.06,37.667,36.991,37.657,1581152,0
2014-07-14,37.897,38.333,37.797,38.323,1671697,0
2014-07-15,38.283,38.939,37.867,38.133,2139306,0
2014-07-16,39.456,40.001,38.492,38.761,3348412,0
2014-07-17,38.592,39.108,38.084,38.084,2416996,0
2014-07-18,38.273,38.642,38.243,38.522,3208842,0
2014-07-21,38.443,38.741,37.946,38.572,2379713,0
2014-07-22,38.979,39.029,38.632,38.652,1984414,0
2014-07-23,38.602,38.692,37.777,37.965,2814597,0
2014-07-24,38.084,38.293,37.717,37.757,1901959,0
2014-07-25,37.627,37.767,37.319,37.399,2132768,0
2014-07-28,37.399,37.448,36.723,36.783,2413592,0
2014-07-29,36.833,37.011,36.435,36.474,1835335,0
2014-07-30,36.703,36.931,36.327,36.653,1663674,0
2014-07-31,36.357,36.554,36.068,36.148,2136982,0
2014-08-01,35.968,36.435,35.599,35.978,1748231,0
2014-08-04,36.028,36.118,35.559,36.018,1413257,0
2014-08-05,35.879,36.683,35.799,36.307,2168335,0
2014-08-06,35.958,36.258,35.669,35.938,1398142,0
2014-08-07,36.158,36.425,35.879,35.928,1255477,0
2014-08-08,35.958,37.089,35.898,37.08,1563990,0
2014-08-11,37.299,37.757,37.239,37.568,1970832,0
2014-08-12,37.558,37.955,37.229,37.339,1668913,0
2014-08-13,37.528,38.193,37.518,37.985,1426006,0
2014-08-14,38.015,38.094,37.369,37.508,2322548,0
2014-08-15,37.717,37.807,36.833,37.259,1777929,0
2014-08-18,37.687,37.847,37.508,37.737,1423249,0
2014-08-19,37.807,38.065,37.568,38.055,1799072,0
2014-08-20,38.075,38.731,38.015,38.702,1346173,0
2014-08-21,38.682,38.849,38.353,38.791,1789295,0
2014-08-22,38.741,38.899,38.473,38.612,1236357,0
2014-08-25,38.82,38.959,38.632,38.692,1591698,0
2014-08-26,38.672,38.909,38.492,38.522,750831,0
2014-08-27,38.483,38.612,38.094,38.263,802379,0
2014-08-28,37.985,38.025,37.657,37.777,1528214,0
2014-08-29,37.827,37.995,37.667,37.767,1136472,0
2014-09-02,37.857,38.303,37.777,38.193,1373094,0
2014-09-03,38.343,38.532,37.667,37.787,1074353,0
2014-09-04,37.787,38.163,37.369,37.488,1258821,0
2014-09-05,37.508,38.133,37.209,38.104,1662764,0
2014-09-08,38.065,38.143,37.707,37.817,825230,0
2014-09-09,37.837,37.927,37.06,37.189,2150439,0
2014-09-10,37.279,37.677,36.991,37.587,2158284,0
2014-09-11,37.279,37.548,37.109,37.279,1529628,0
2014-09-12,37.159,37.199,36.137,36.257,2705296,0
2014-09-15,36.217,36.287,35.728,36.157,1873166,0
2014-09-16,36.227,36.881,36.017,36.713,1612273,0
2014-09-17,36.743,36.843,36.327,36.574,1827643,0
2014-09-18,36.703,36.733,36.405,36.534,1231081,0
2014-09-19,36.723,36.862,36.386,36.603,2524785,0
2014-09-22,36.445,36.494,36.057,36.247,2518167,0
2014-09-23,36.057,36.337,35.848,35.907,1496803,0
2014-09-24,35.898,36.237,35.738,35.937,1842227,0
2014-09-25,35.818,35.818,35.339,35.339,1776251,0
2014-09-26,35.818,36.643,35.618,36.504,2761417,0
2014-09-29,36.167,36.653,36.037,36.157,1540243,0
2014-09-30,36.247,36.366,35.608,35.788,1464030,0
2014-10-01,35.718,35.738,35.111,35.281,1658125,0
2014-10-02,35.151,35.29,34.525,35.181,1574111,0
2014-10-03,35.499,35.937,35.359,35.688,1637923,0
2014-10-06,35.798,35.927,35.141,35.201,985522,0
2014-10-07,34.824,34.872,33.979,33.999,1787961,0
2014-10-08,33.919,34.535,33.65,34.525,2546626,0
2014-10-09,34.466,34.476,33.251,33.321,1694995,0
2014-10-10,33.331,33.76,32.845,33.004,2623077,0
2014-10-13,33.004,33.501,32.04,32.1,2023408,0
2014-10-14,32.426,33.939,32.406,33.64,2989242,0
2014-10-15,32.865,33.78,32.636,33.56,3188729,0
2014-10-16,32.755,33.859,32.486,33.471,2872841,0
2014-10-17,36.057,38.324,36.037,36.445,9585865,0
2014-10-20,36.445,36.643,35.987,36.247,3154897,0
2014-10-21,36.833,37.409,36.713,37.329,3441620,0
2014-10-22,37.379,37.419,36.376,36.396,2088080,0
2014-10-23,37.08,38.324,37.08,37.946,2963266,0
2014-10-24,38.025,38.583,37.667,38.543,2038405,0
2014-10-27,38.414,38.712,38.065,38.673,1306826,0
2014-10-28,38.782,40.263,38.673,40.263,2586657,0
2014-10-29,40.263,40.463,40.043,40.433,2852124,0
2014-10-30,40.213,41.019,40.073,40.841,3319850,0
2014-10-31,41.446,41.635,41.167,41.297,2468442,0
2014-11-03,41.297,41.606,41.078,41.177,1388082,0
2014-11-04,41.147,41.546,40.9,41.137,1235093,0
2014-11-05,41.336,41.952,41.227,41.813,1906120,0
2014-11-06,41.852,42.131,41.626,41.992,1318624,0
2014-11-07,41.992,42.061,41.326,41.654,2464129,0
2014-11-10,41.674,41.912,41.566,41.852,1492256,0
2014-11-11,41.763,41.982,41.386,41.566,1309813,0
2014-11-12,41.177,41.962,41.177,41.852,1484699,0
2014-11-13,41.862,42.261,41.723,41.912,1738567,0
2014-11-14,41.753,41.862,41.446,41.506,1794249,0
2014-11-17,41.506,41.684,41.326,41.566,2071014,0
2014-11-18,41.664,42.441,41.526,42.211,1454518,0
2014-11-19,42.141,42.65,41.982,42.591,1762327,0
2014-11-20,42.461,42.998,42.281,42.75,1713144,0
2014-11-21,43.295,43.654,43.226,43.335,2258299,0
2014-11-24,43.614,44.071,43.444,43.982,2044635,0
2014-11-25,44.091,44.219,43.385,43.444,2798409,0
2014-11-26,43.404,43.554,42.988,43.048,1341359,0
2014-11-28,43.226,43.275,42.948,43.078,863305,0
2014-12-01,42.69,42.75,42.081,42.291,1416196,0
2014-12-02,42.311,42.601,41.703,41.922,3370575,0
2014-12-03,42.012,43.078,41.822,42.978,4383531,0
2014-12-04,43.058,43.176,42.121,42.231,1601562,0
2014-12-05,42.291,42.621,42.002,42.081,1323262,0
2014-12-08,42.091,42.291,41.167,41.376,1278487,0
2014-12-09,40.761,41.813,40.671,41.606,2175965,0
2014-12-10,41.586,41.606,40.282,40.312,1553189,0
2014-12-11,40.442,41.039,40.302,40.382,1853464,0
2014-12-12,39.943,39.993,39.098,39.128,2182931,0
2014-12-15,39.417,39.703,38.999,39.466,1801013,0
2014-12-16,39.397,40.342,39.248,39.287,2022479,0
2014-12-17,39.307,40.571,38.999,40.442,2365022,0
2014-12-18,41.157,41.793,41.137,41.773,1919154,0
2014-12-19,41.813,42.721,41.654,42.491,4058571,0
2014-12-22,42.521,42.781,42.311,42.681,1399553,0
2014-12-23,42.831,43.346,42.781,43.059,1499759,0
2014-12-24,43.187,43.187,42.741,42.781,799462,0
2014-12-26,43.098,43.168,42.821,42.831,364650,0
2014-12-29,42.641,42.999,42.491,42.88,982162,0
2014-12-30,42.691,42.86,42.471,42.471,759388,0
2014-12-31,42.491,42.831,41.882,41.892,904476,0
2015-01-02,42.131,42.331,41.486,41.952,998026,0
2015-01-05,41.606,41.962,40.88,41.147,1291507,0
2015-01-06,41.307,41.832,40.761,40.97,2543615,0
2015-01-07,41.426,41.684,41.058,41.237,2556885,0
2015-01-08,41.644,43.108,41.635,43.098,2953842,0
2015-01-09,43.197,43.207,42.221,42.361,1330549,0
2015-01-12,42.341,42.501,41.376,41.922,1186553,0
2015-01-13,42.361,43.019,41.586,42.211,1346669,0
2015-01-14,41.476,42.191,41.376,41.972,1433668,0
2015-01-15,42.271,42.491,41.684,42.111,3097672,0
2015-01-16,41.952,42.691,41.654,42.651,2083892,0
2015-01-20,43.128,43.128,41.753,42.341,1635649,0
2015-01-21,42.281,42.711,41.952,42.241,1214728,0
2015-01-22,42.631,43.455,42.221,43.236,1847365,0
2015-01-23,43.168,43.168,42.141,42.151,2349595,0
2015-01-26,42.061,42.521,41.882,42.231,1663793,0
2015-01-27,41.496,41.616,41.01,41.157,4309556,0
2015-01-28,41.664,43.635,41.576,41.773,4539537,0
2015-01-29,41.773,42.611,40.741,42.341,4962551,0
2015-01-30,42.581,43.039,42.291,42.341,4137018,0
2015-02-02,42.631,42.939,42.012,42.87,2665193,0
2015-02-03,43.177,43.465,42.801,43.158,2478522,0
2015-02-04,43.098,43.475,42.711,42.89,1707932,0
2015-02-05,42.979,43.445,42.821,43.316,1686178,0
2015-02-06,43.396,43.774,43.158,43.326,2643704,0
2015-02-09,43.029,43.535,42.89,42.999,1363864,0
2015-02-10,43.266,43.505,42.939,43.356,1589641,0
2015-02-11,43.316,43.525,42.711,42.949,1244291,0
2015-02-12,43.197,43.973,42.93,43.963,1340384,0
2015-02-13,43.933,44.46,43.883,44.45,1769379,0
2015-02-17,44.49,44.569,43.734,43.873,1160722,0
2015-02-18,43.694,44.201,43.525,44.092,1182358,0
2015-02-19,44.022,44.649,43.893,44.559,928653,0
2015-02-20,44.5,44.828,44.022,44.759,1004861,0
2015-02-23,44.49,44.719,44.38,44.679,1230413,0
2015-02-24,44.589,45.377,44.569,45.098,1194397,0
2015-02-25,45.068,45.068,44.44,44.739,1921372,0
2015-02-26,44.709,44.709,43.615,43.983,2014701,0
2015-02-27,44.022,44.28,43.863,44.082,1296779,0
2015-03-02,44.072,44.689,43.993,44.21,2619658,0
2015-03-03,43.993,44.191,43.435,43.655,1221073,0
2015-03-04,43.545,43.684,43.276,43.415,958925,0
2015-03-05,43.465,43.794,43.356,43.784,1322594,0
2015-03-06,44.141,45.038,43.873,44.55,3676184,0
2015-03-09,44.55,44.669,44.062,44.062,1413863,0
2015-03-10,43.336,43.455,42.751,42.771,1791303,0
2015-03-11,42.831,43.069,42.251,42.401,1821917,0
2015-03-12,42.611,43.217,42.501,43.168,1394216,0
2015-03-13,43.118,43.435,42.441,42.601,1611231,0
2015-03-16,43.049,43.694,42.88,43.674,1601286,0
2015-03-17,43.405,43.645,43.266,43.585,1015044,0
2015-03-18,43.445,44.66,43.296,44.441,1633133,0
2015-03-19,44.162,44.431,43.864,44.182,1987691,0
2015-03-20,44.291,44.949,44.281,44.78,1979654,0
2015-03-23,45.049,45.099,44.401,44.401,1340465,0
2015-03-24,44.321,44.949,43.934,44.869,2627280,0
2015-03-25,44.929,45.039,44.112,44.122,3460173,0
2015-03-26,43.804,43.924,43.217,43.794,1358749,0
2015-03-27,43.784,44.053,43.465,43.984,1211564,0
2015-03-30,44.192,44.959,44.073,44.859,1309019,0
2015-03-31,44.421,44.64,43.934,44.122,1405620,0
2015-04-01,43.914,44.74,43.256,44.59,1961067,0
2015-04-02,44.501,45.208,44.401,44.73,1972219,0
2015-04-06,44.551,45.934,44.511,45.884,2800791,0
2015-04-07,45.834,46.074,45.507,45.557,1896764,0
2015-04-08,45.527,45.814,45.288,45.637,1204831,0
2015-04-09,45.617,45.954,45.208,45.597,986382,0
2015-04-10,45.507,46.024,45.497,45.904,1323988,0
2015-04-13,45.746,46.104,45.398,45.507,986612,0
2015-04-14,45.448,45.527,45.188,45.398,1478411,0
2015-04-15,45.755,46.034,45.428,45.697,1033906,0
2015-04-16,45.438,45.954,44.999,45.894,1785683,0
2015-04-17,45.477,45.587,44.461,44.6,1653027,0
2015-04-20,44.829,45.278,44.7,45.238,1566713,0
2015-04-21,45.308,45.358,44.421,44.451,1547119,0
2015-04-22,44.461,44.57,43.904,44.501,1542298,0
2015-04-23,44.251,44.68,43.974,44.511,1500314,0
2015-04-24,44.511,44.511,43.894,44.004,1244746,0
2015-04-27,44.083,44.211,43.455,43.465,2308389,0
2015-04-28,43.118,44.461,42.771,44.152,5635394,0
2015-04-29,44.004,44.491,43.844,43.954,3522365,0
2015-04-30,43.665,44.182,43.495,43.774,2184813,0
2015-05-01,43.864,44.381,43.704,44.202,2228216,0
2015-05-04,44.271,44.7,44.132,44.391,1623889,0
2015-05-05,44.341,44.67,44.013,44.192,2550421,0
2015-05-06,44.391,44.7,44.132,44.401,2085403,0
2015-05-07,44.221,44.69,44.043,44.471,1964762,0
2015-05-08,44.999,45.238,44.79,44.979,1789866,0
2015-05-11,44.889,45.368,44.829,45.188,1571245,0
2015-05-12,44.989,45.457,44.59,45.308,1683775,0
2015-05-13,45.408,45.824,45.238,45.677,1676199,0
2015-05-14,46.054,46.66,45.874,46.64,2075000,0
2015-05-15,46.62,46.71,46.163,46.401,1420085,0
2015-05-18,46.322,46.541,46.024,46.441,1164809,0
2015-05-19,46.491,46.571,46.024,46.074,843369,0
2015-05-20,46.074,46.451,46.034,46.252,1051973,0
2015-05-21,46.411,46.591,46.262,46.292,755128,0
2015-05-22,46.262,46.421,45.944,46.134,844649,0
2015-05-26,45.954,46.134,44.999,45.487,1685987,0
2015-05-27,45.517,45.844,45.418,45.726,872477,0
2015-05-28,45.706,45.755,45.398,45.736,797722,0
2015-05-29,45.637,45.775,44.949,45.009,1065882,0
2015-06-01,45.089,45.238,44.69,44.939,658525,0
2015-06-02,44.68,45.118,44.68,44.939,698355,0
2015-06-03,44.889,45.487,44.869,45.148,472308,0
2015-06-04,44.79,44.929,44.271,44.321,973048,0
2015-06-05,44.162,44.63,43.954,44.551,763570,0
2015-06-08,44.541,44.71,44.321,44.531,1158616,0
2015-06-09,44.56,44.7,44.301,44.341,1132315,0
2015-06-10,44.61,45.895,44.401,45.865,2090253,0
2015-06-11,45.845,46.313,45.668,45.955,1543981,0
2015-06-12,45.658,45.865,45.518,45.766,1354727,0
2015-06-15,45.318,45.608,45.079,45.318,1268763,0
2015-06-16,45.188,45.905,45.099,45.717,1157995,0
2015-06-17,45.855,46.155,45.268,45.727,1528160,0
2015-06-18,45.955,46.392,45.668,46.273,1151367,0
2015-06-19,46.085,46.293,45.835,45.945,1911780,0
2015-06-22,46.233,46.293,45.805,46.075,1073638,0
2015-06-23,46.045,46.203,45.678,45.855,1180351,0
2015-06-24,45.815,45.915,45.508,45.727,1882758,0
2015-06-25,45.825,45.875,45.398,45.478,1373004,0
2015-06-26,45.658,45.688,45.338,45.438,2115242,0
2015-06-29,45.099,45.538,44.321,44.351,1203688,0
2015-06-30,44.859,45.039,44.391,44.441,1376920,0
2015-07-01,44.79,44.999,44.371,44.521,778089,0
2015-07-02,44.71,44.75,44.122,44.301,879417,0
2015-07-06,43.854,44.351,43.605,44.172,991190,0
2015-07-07,44.122,44.122,43.206,44.023,1707619,0
2015-07-08,43.684,43.744,42.78,42.78,1375414,0
2015-07-09,43.734,44.182,43.425,43.505,1784543,0
2015-07-10,44.192,44.221,43.157,43.495,2135327,0
2015-07-13,43.934,44.103,43.475,44.063,1581485,0
2015-07-14,44.64,44.79,43.844,44.142,1247921,0
2015-07-15,44.013,44.162,43.147,43.306,2077504,0
2015-07-16,43.704,44.142,43.545,43.844,1051044,0
2015-07-17,43.625,43.854,43.346,43.625,660592,0
2015-07-20,43.605,43.804,43.366,43.545,1309636,0
2015-07-21,43.415,43.545,42.47,42.879,1452640,0
2015-07-22,42.61,42.81,41.047,41.871,4460254,0
2015-07-23,41.991,42.34,41.484,41.514,1627981,0
2015-07-24,41.424,41.662,40.877,40.937,1984087,0
2015-07-27,40.808,40.808,40.299,40.359,2326132,0
2015-07-28,41.464,42.968,40.867,42.69,6138650,0
2015-07-29,42.859,43.914,42.51,43.814,4212733,0
2015-07-30,43.505,44.202,43.405,43.994,2554800,0
2015-07-31,44.261,44.261,43.405,43.515,3308888,0
2015-08-03,43.475,43.495,42.919,43.058,2284495,0
2015-08-04,43.088,43.485,42.83,42.958,1300298,0
2015-08-05,43.216,43.635,42.958,43.078,1097637,0
2015-08-06,43.157,43.196,42.39,42.73,2215836,0
2015-08-07,42.59,42.75,42.13,42.27,1151969,0
2015-08-10,42.839,43.754,42.72,43.665,1261433,0
2015-08-11,42.82,43.326,42.52,42.78,1343101,0
2015-08-12,42.12,42.43,41.544,42.35,1539106,0
2015-08-13,42.28,42.978,42.1,42.79,1027341,0
2015-08-14,42.77,43.724,42.64,43.386,1860364,0
2015-08-17,43.336,43.684,42.72,43.525,1030657,0
2015-08-18,43.346,43.694,43.048,43.505,938768,0
2015-08-19,43.058,43.635,42.7,43.216,1283023,0
2015-08-20,42.919,43.266,41.534,41.554,1809147,0
2015-08-21,40.838,40.987,39.592,39.592,3281874,0
2015-08-24,33.807,39.83,32.064,38.227,3398993,0
2015-08-25,39.263,40.459,36.795,36.845,3092675,0
2015-08-26,37.83,37.92,36.535,37.84,3342629,0
2015-08-27,38.377,39.283,37.85,39.244,2982207,0
2015-08-28,39.085,39.651,38.895,39.542,2149086,0
2015-08-31,39.393,39.472,38.587,38.637,2010599,0
2015-09-01,37.77,38.756,36.655,37.013,2877062,0
2015-09-02,38.407,38.826,37.85,38.417,3046278,0
2015-09-03,38.547,39.263,38.447,38.637,2135627,0
2015-09-04,37.968,38.756,37.74,38.487,2678925,0
2015-09-08,39.263,40.359,39.094,40.089,4048112,0
2015-09-09,40.509,41.037,40.049,40.119,3726308,0
2015-09-10,40.129,40.419,39.79,40.229,1804396,0
2015-09-11,40.089,40.379,39.85,40.359,1212525,0
2015-09-14,40.299,40.389,40.019,40.169,1629983,0
2015-09-15,40.369,41.017,40.099,40.778,1925286,0
2015-09-16,40.768,41.126,40.199,41.066,2003578,0
2015-09-17,41.047,41.325,40.399,40.519,1739219,0
2015-09-18,40.039,40.039,39.283,39.432,4013479,0
2015-09-21,39.532,39.95,39.234,39.413,1958008,0
2015-09-22,38.346,38.825,35.786,38.386,2829662,0
2015-09-23,38.556,38.606,37.799,37.939,1639427,0
2015-09-24,37.43,38.366,37.13,38.136,3013859,0
2015-09-25,38.606,38.845,37.869,38.126,1836555,0
2015-09-28,37.43,38.686,37.26,37.35,1714192,0
2015-09-29,37.29,38.096,37.001,37.29,2223096,0
2015-09-30,37.809,38.096,37.04,37.5,2278705,0
2015-10-01,37.45,38.037,37.18,37.948,2755184,0
2015-10-02,37.011,38.386,37.011,38.286,2268467,0
2015-10-05,38.696,39.323,38.476,39.224,2485715,0
2015-10-06,39.134,39.7,39.114,39.413,1456535,0
2015-10-07,39.641,40.479,39.432,40.069,1369261,0
2015-10-08,39.691,41.047,39.353,40.947,1279374,0
2015-10-09,40.997,41.415,40.728,41.106,1209714,0
2015-10-12,41.076,41.116,40.598,41.057,954509,0
2015-10-13,40.648,40.927,40.389,40.529,1509634,0
2015-10-14,40.409,40.748,39.81,39.93,1828122,0
2015-10-15,40.169,40.239,39.313,39.7,2633530,0
2015-10-16,39.88,39.97,38.536,38.944,3039846,0
2015-10-19,38.676,38.815,38.196,38.366,2764887,0
2015-10-20,38.266,38.924,38.037,38.656,5152719,0
2015-10-21,38.934,39.004,38.356,38.446,2895608,0
2015-10-22,38.616,39.492,38.476,39.024,3617100,0
2015-10-23,39.254,39.522,38.626,38.884,3291484,0
2015-10-26,38.835,39.004,38.166,38.676,3756520,0
2015-10-27,40.349,40.618,39.641,40.279,5091904,0
2015-10-28,40.299,41.862,40.219,41.822,4291818,0
2015-10-29,41.445,41.902,40.877,41.673,2430070,0
2015-10-30,41.882,42.501,41.196,42.012,2512777,0
2015-11-02,42.211,42.761,42.012,42.701,1346713,0
2015-11-03,42.521,42.671,41.862,41.892,1841653,0
2015-11-04,41.992,42.251,41.605,41.703,1425992,0
2015-11-05,41.703,42.311,41.435,41.813,1275158,0
2015-11-06,41.713,42.051,41.335,41.822,1195161,0
2015-11-09,41.653,41.673,40.788,41.057,1593673,0
2015-11-10,40.987,41.096,40.289,40.947,2081769,0
2015-11-11,41.057,41.246,40.768,41.027,1008364,0
2015-11-12,40.558,41.196,40.519,40.748,1465870,0
2015-11-13,40.678,41.096,40.568,40.857,1876807,0
2015-11-16,40.778,42.311,40.778,42.281,2882157,0
2015-11-17,42.521,42.949,41.555,41.634,2937563,0
2015-11-18,41.693,42.481,41.653,42.431,1357867,0
2015-11-19,42.661,43.178,42.481,43.159,2619377,0
2015-11-20,43.298,43.667,43.218,43.457,3067950,0
2015-11-23,43.278,43.766,43.129,43.248,2000164,0
2015-11-24,42.939,43.358,42.939,43.019,1308283,0
2015-11-25,43.049,43.328,42.91,43.169,925655,0
2015-11-27,43.129,43.208,42.84,43.079,348902,0
2015-11-30,42.989,43.198,42.461,42.511,1246855,0
2015-12-01,42.661,43.139,42.451,42.561,1140686,0
2015-12-02,42.471,43.079,41.505,41.585,1420291,0
2015-12-03,41.703,41.813,40.768,41.017,1237554,0
2015-12-04,41.096,42.012,40.917,41.922,1468681,0
2015-12-07,41.773,41.912,41.575,41.743,1048614,0
2015-12-08,41.395,41.653,40.828,41.027,1354371,0
2015-12-09,41.086,42.262,40.828,41.335,1635613,0
2015-12-10,41.415,41.763,41.196,41.465,1161373,0
2015-12-11,40.788,41.206,40.648,40.728,1545319,0
2015-12-14,40.688,41.196,40.319,41.116,2488257,0
2015-12-15,41.455,41.713,41.116,41.236,1433156,0
2015-12-16,42.142,42.662,41.585,42.472,1565986,0
2015-12-17,42.462,42.462,41.286,41.286,1384195,0
2015-12-18,40.947,41.216,40.798,40.877,2368393,0
2015-12-21,41.106,41.783,40.897,41.176,1709954,0
2015-12-22,41.495,42.052,41.216,41.932,948006,0
2015-12-23,42.192,42.702,41.962,42.642,1327711,0
2015-12-24,42.522,42.672,42.412,42.552,529739,0
2015-12-28,42.452,42.532,42.122,42.422,1070689,0
2015-12-29,42.672,43.17,42.412,42.841,1284323,0
2015-12-30,42.692,42.94,41.872,42.312,1176751,0
2015-12-31,42.172,42.242,41.753,41.872,1025062,0
2016-01-04,41.206,41.385,40.658,41.365,1663635,0
2016-01-05,41.365,41.605,40.887,41.465,1519338,0
2016-01-06,40.788,40.897,39.811,40.219,2265404,0
2016-01-07,39.253,40.009,39.193,39.392,2200086,0
2016-01-08,39.551,39.809,38.863,38.943,3447206,0
2016-01-11,39.063,39.133,38.375,38.764,2139703,0
2016-01-12,39.123,39.173,38.375,38.953,2645241,0
2016-01-13,39.163,39.213,37.777,37.827,1668155,0
2016-01-14,37.877,38.275,36.873,37.837,2081123,0
2016-01-15,36.801,37.368,36.761,37.228,3127278,0
2016-01-19,37.757,37.757,36.481,36.681,2708798,0
2016-01-20,36.223,36.442,34.608,36.243,4559661,0
2016-01-21,36.372,36.929,36.103,36.392,1604642,0
2016-01-22,36.879,37.338,36.651,37.328,1809224,0
2016-01-25,37.278,37.358,36.631,36.711,2379937,0
2016-01-26,36.86,37.687,36.766,37.607,2384711,0
2016-01-27,33.71,35.28,32.364,32.584,10604442,0
2016-01-28,32.713,34.084,32.324,33.481,5765225,0
2016-01-29,33.491,34.528,33.491,34.109,4405837,0
2016-02-01,33.76,33.83,32.952,33.082,3931047,0
2016-02-02,32.594,32.684,31.419,31.657,4967059,0
2016-02-03,31.996,32.384,30.84,32.175,3924255,0
2016-02-04,32.195,33.127,32.076,32.195,2970043,0
2016-02-05,32.076,32.574,31.796,32.195,2428608,0
2016-02-08,31.736,32.544,31.578,32.374,3861550,0
2016-02-09,31.796,32.713,31.528,31.926,2771191,0
2016-02-10,31.956,32.604,31.806,31.896,2404144,0
2016-02-11,31.617,32.036,30.585,31.009,3346475,0
2016-02-12,31.219,32.096,30.939,31.976,2331462,0
2016-02-16,32.454,32.863,32.066,32.733,1655783,0
2016-02-17,33.142,33.55,32.892,33.192,1960874,0
2016-02-18,33.072,33.825,32.644,33.64,3057679,0
2016-02-19,33.501,33.6,33.092,33.172,2078894,0
2016-02-22,33.59,34.149,33.53,34.049,1644934,0
2016-02-23,33.76,34.039,33.491,33.78,1796999,0
2016-02-24,33.251,33.91,33.012,33.89,1459554,0
2016-02-25,33.92,34.424,33.81,34.399,1539444,0
2016-02-26,34.578,34.846,34.284,34.439,2945831,0
2016-02-29,34.538,34.638,34.029,34.039,1668131,0
2016-03-01,34.469,34.737,34.149,34.389,3899093,0
2016-03-02,34.379,34.865,33.96,34.059,3015612,0
2016-03-03,34.059,34.129,33.511,33.53,3921555,0
2016-03-04,32.743,33.391,32.624,32.892,8080866,0
2016-03-07,32.823,33.431,32.713,32.813,3928440,0
2016-03-08,32.484,32.733,31.951,32.404,2300108,0
2016-03-09,32.584,33.372,32.464,33.072,3066532,0
2016-03-10,33.092,33.222,32.704,32.872,2488220,0
2016-03-11,32.942,33.891,32.912,33.811,2297219,0
2016-03-14,33.571,33.981,33.521,33.761,1657778,0
2016-03-15,33.312,33.561,33.042,33.422,1469736,0
2016-03-16,33.352,34.242,33.302,34.13,1849467,0
2016-03-17,34.21,35.042,34.06,34.877,2271004,0
2016-03-18,35.057,36.105,35.057,36.075,4415712,0
2016-03-21,35.795,36.315,35.785,36.265,2327354,0
2016-03-22,35.905,36.599,35.539,36.514,2395658,0
2016-03-23,36.315,36.619,36.155,36.494,2576387,0
2016-03-24,36.155,36.245,35.351,36.065,3508112,0
2016-03-28,36.055,36.15,35.745,35.935,2845832,0
2016-03-29,35.725,36.155,35.466,36.055,2375676,0
2016-03-30,36.454,36.544,35.805,36.225,2814124,0
2016-03-31,36.245,36.404,35.905,36.365,1875765,0
2016-04-01,35.905,36.704,35.905,36.594,2183707,0
2016-04-04,36.594,36.764,35.406,36.504,2033440,0
2016-04-05,36.215,36.504,36.025,36.305,3197725,0
2016-04-06,36.285,36.902,36.075,36.814,1769577,0
2016-04-07,36.644,36.922,36.394,36.774,3141154,0
2016-04-08,37.141,37.141,36.34,36.584,1790590,0
2016-04-11,36.882,37.241,36.664,36.724,1397798,0
2016-04-12,36.784,37.221,36.684,37.051,1265104,0
2016-04-13,37.391,38.164,37.341,37.959,1893983,0
2016-04-14,38.119,38.119,37.541,37.86,2208028,0
2016-04-15,37.939,38.056,37.561,37.65,1986224,0
2016-04-18,37.451,37.977,37.201,37.83,2352297,0
2016-04-19,37.969,38.139,37.541,37.949,3567711,0
2016-04-20,40.034,40.504,38.219,39.804,5691909,0
2016-04-21,39.684,40.014,39.217,39.445,3456250,0
2016-04-22,39.565,39.744,39.207,39.674,1906622,0
2016-04-25,39.515,39.664,38.838,38.887,1885510,0
2016-04-26,38.947,39.664,38.877,39.644,1442988,0
2016-04-27,39.734,39.934,39.435,39.774,1436583,0
2016-04-28,39.505,39.824,39.087,39.197,1247099,0
2016-04-29,38.997,39.052,38.409,38.579,1820193,0
2016-05-02,38.689,39.047,38.329,38.907,1342213,0
2016-05-03,38.439,38.659,38.089,38.569,1165352,0
2016-05-04,38.369,38.529,37.815,37.949,1567915,0
2016-05-05,38.139,38.204,37.7,38.089,1838966,0
2016-05-06,37.969,38.509,37.91,38.129,2069133,0
2016-05-09,38.009,38.249,37.9,37.949,1501036,0
2016-05-10,38.229,38.619,38.169,38.219,1873234,0
2016-05-11,38.259,38.499,37.89,38.049,2179638,0
2016-05-12,38.199,38.414,37.281,37.76,2690009,0
2016-05-13,37.73,37.939,37.141,37.251,1191288,0
2016-05-16,37.361,38.119,37.351,37.949,976404,0
2016-05-17,37.9,38.604,37.8,38.169,1578429,0
2016-05-18,38.069,38.409,37.83,38.089,1140823,0
2016-05-19,37.8,37.86,37.191,37.431,919277,0
2016-05-20,37.67,38.129,37.564,37.82,1097193,0
2016-05-23,37.77,37.89,37.371,37.561,1651412,0
2016-05-24,37.73,38.324,37.73,38.179,1108818,0
2016-05-25,38.269,38.519,38.129,38.359,1341782,0
2016-05-26,38.409,38.639,38.039,38.149,1137859,0
2016-05-27,38.149,38.229,37.93,38.139,899637,0
2016-05-31,38.279,38.399,37.73,37.959,1449161,0
2016-06-01,37.68,38.199,37.391,38.089,778314,0
2016-06-02,38.029,38.409,37.77,38.409,1028661,0
2016-06-03,38.359,39.914,37.92,39.854,6544689,0
2016-06-06,39.854,40.094,38.997,40.034,2550437,0
2016-06-07,40.144,40.421,39.829,39.844,1283123,0
2016-06-08,39.864,40.119,39.634,39.704,1281794,0
2016-06-09,39.545,39.565,39.077,39.286,1203973,0
2016-06-10,38.917,39.047,38.538,38.668,1066570,0
2016-06-13,38.468,38.626,37.899,37.919,1131936,0
2016-06-14,37.789,37.909,37.27,37.49,1408932,0
2016-06-15,37.649,38.268,37.42,37.998,1459440,0
2016-06-16,37.819,38.188,37.4,38.078,1235752,0
2016-06-17,38.148,38.418,37.905,38.158,1489550,0
2016-06-20,38.638,39.177,38.628,38.767,1008510,0
2016-06-21,38.767,38.797,38.438,38.448,1115727,0
2016-06-22,38.468,38.698,38.218,38.238,871081,0
2016-06-23,38.328,38.498,37.839,38.338,1657122,0
2016-06-24,36.842,37.12,35.763,35.833,2779782,0
2016-06-27,35.404,35.404,33.958,34.247,2717178,0
2016-06-28,34.566,34.955,34.207,34.447,2899355,0
2016-06-29,34.815,35.155,33.928,34.955,3443687,0
2016-06-30,35.115,36.482,35.115,36.482,2450001,0
2016-07-01,36.852,36.881,36.193,36.303,1950980,0
2016-07-05,36.173,36.303,35.504,35.643,1896466,0
2016-07-06,35.613,35.72,34.985,35.693,2002642,0
2016-07-07,35.793,36.033,35.324,35.633,1772096,0
2016-07-08,36.293,36.921,36.253,36.911,1975485,0
2016-07-11,36.971,38.528,36.772,38.158,4199258,0
2016-07-12,38.518,38.688,37.968,38.278,1397449,0
2016-07-13,38.418,38.488,38.038,38.288,821061,0
2016-07-14,38.807,38.927,38.408,38.488,1426468,0
2016-07-15,38.658,38.907,38.358,38.668,1473113,0
2016-07-18,38.598,38.947,38.328,38.907,1482687,0
2016-07-19,38.737,39.197,38.498,38.628,934440,0
2016-07-20,38.538,39.276,38.518,39.187,1138968,0
2016-07-21,39.197,39.515,38.947,39.127,1734047,0
2016-07-22,39.366,39.914,38.867,39.734,2588468,0
2016-07-25,39.555,39.579,38.927,39.067,1767351,0
2016-07-26,39.167,39.555,39.167,39.475,1231990,0
2016-07-27,39.435,39.435,39.047,39.187,1660352,0
2016-07-28,39.067,39.207,38.737,39.117,985672,0
2016-07-29,39.047,39.047,38.508,38.917,872931,0
2016-08-01,38.837,38.997,38.418,38.588,1093631,0
2016-08-02,38.498,38.538,37.953,38.128,1021993,0
2016-08-03,38.118,38.727,38.118,38.638,735143,0
2016-08-04,38.658,38.807,38.413,38.488,693830,0
2016-08-05,38.618,38.947,38.428,38.927,856662,0
2016-08-08,39.007,39.247,38.927,39.027,526811,0
2016-08-09,38.997,39.256,38.847,39.067,568111,0
2016-08-10,39.097,39.097,38.688,39.037,785889,0
2016-08-11,39.097,39.401,39.097,39.306,491104,0
2016-08-12,39.207,39.296,38.927,39.127,519510,0
2016-08-15,39.187,40.234,39.017,40.224,1377439,0
2016-08-16,39.954,40.334,39.734,40.114,1162756,0
2016-08-17,40.174,40.394,39.964,40.324,1178894,0
2016-08-18,40.314,40.561,40.294,40.454,669505,0
2016-08-19,40.324,40.583,40.194,40.573,614573,0
2016-08-22,40.424,40.808,40.144,40.693,728963,0
2016-08-23,40.823,41.072,40.713,40.913,1057226,0
2016-08-24,40.813,41.112,40.693,40.913,1998426,0
2016-08-25,40.873,40.883,40.598,40.783,2053196,0
2016-08-26,40.843,41.062,40.554,40.853,1008109,0
2016-08-29,40.843,41.207,40.793,41.122,1485343,0
2016-08-30,41.092,41.242,40.963,41.152,835784,0
2016-08-31,41.102,41.102,40.563,40.763,1469527,0
2016-09-01,40.793,40.823,40.164,40.723,1381209,0
2016-09-02,40.953,41.177,40.788,41.033,931737,0
2016-09-06,41.023,41.142,40.484,40.623,1064831,0
2016-09-07,40.474,40.823,40.374,40.743,858588,0
2016-09-08,40.544,40.933,40.414,40.753,1033112,0
2016-09-09,40.344,40.484,39.754,39.764,1181272,0
2016-09-12,39.444,40.484,39.415,40.354,1383187,0
2016-09-13,39.974,40.154,39.534,39.714,1054007,0
2016-09-14,39.764,39.857,38.746,38.906,1991046,0
2016-09-15,38.896,39.405,38.796,39.315,1320685,0
2016-09-16,39.116,39.295,38.796,38.846,1460441,0
2016-09-19,39.106,39.375,38.896,39.026,567022,0
2016-09-20,39.265,39.348,38.816,38.846,1085022,0
2016-09-21,39.066,39.255,38.766,39.216,854161,0
2016-09-22,39.524,39.794,39.305,39.654,855585,0
2016-09-23,39.514,39.714,39.355,39.385,657941,0
2016-09-26,39.275,39.494,39.036,39.136,562728,0
2016-09-27,39.066,39.544,38.926,39.524,746549,0
2016-09-28,39.604,40.154,39.499,40.114,846694,0
2016-09-29,40.114,40.184,39.365,39.434,840224,0
2016-09-30,39.664,39.834,39.494,39.684,1284158,0
2016-10-03,39.385,39.964,39.385,39.814,791854,0
2016-10-04,39.954,40.084,39.096,39.146,840033,0
2016-10-05,39.315,39.569,39.226,39.534,1340245,0
2016-10-06,39.694,39.924,39.554,39.844,990917,0
2016-10-07,37.618,38.567,37.128,38.427,3181111,0
2016-10-10,38.637,38.996,38.567,38.796,833366,0
2016-10-11,38.597,38.692,37.658,37.838,1211848,0
2016-10-12,37.818,38.107,37.818,37.908,1080657,0
2016-10-13,37.658,37.962,37.488,37.888,976392,0
2016-10-14,38.067,38.187,37.603,37.708,1305472,0
2016-10-17,37.758,37.918,37.688,37.758,629973,0
2016-10-18,38.157,38.303,37.908,38.027,1816975,0
2016-10-19,38.187,38.487,37.898,38.027,2363777,0
2016-10-20,37.248,39.844,37.128,39.425,2802598,0
2016-10-21,38.926,39.086,38.607,38.846,1836663,0
2016-10-24,39.186,39.564,38.956,38.966,1389958,0
2016-10-25,38.976,39.335,38.876,39.066,1299456,0
2016-10-26,38.916,39.914,38.806,39.784,1829819,0
2016-10-27,39.934,39.964,39.444,39.504,1298918,0
2016-10-28,39.554,40.294,39.554,39.744,1102560,0
2016-10-31,39.914,40.224,39.774,40.014,1102909,0
2016-11-01,40.144,40.264,39.246,39.484,1138786,0
2016-11-02,39.474,39.709,38.921,38.936,1032284,0
2016-11-03,39.056,39.166,38.726,38.956,1031946,0
2016-11-04,38.986,39.454,38.946,39.016,867674,0
2016-11-07,39.834,40.693,39.784,40.683,1881727,0
2016-11-08,40.544,41.003,40.445,40.663,1344301,0
2016-11-09,40.124,43.02,40.094,42.81,3143805,0
2016-11-10,43.13,44.526,43.13,44.008,2717748,0
2016-11-11,43.728,44.686,43.728,44.636,2357514,0
2016-11-14,44.676,45.775,44.636,45.066,2516539,0
2016-11-15,44.956,45.136,44.407,45.056,1356869,0
2016-11-16,44.806,45.146,44.526,44.546,1025015,0
2016-11-17,44.666,44.826,44.446,44.496,946600,0
2016-11-18,44.316,44.326,44.097,44.167,842531,0
2016-11-21,44.216,44.519,44.127,44.486,1427998,0
2016-11-22,44.676,45.216,44.586,45.136,970116,0
2016-11-23,45.216,45.794,45.016,45.706,1060857,0
2016-11-25,45.755,45.874,45.376,45.874,644144,0
2016-11-28,45.626,45.775,45.156,45.626,1426811,0
2016-11-29,45.556,46.074,45.386,45.904,1185062,0
2016-11-30,46.064,46.204,45.914,45.954,1424773,0
2016-12-01,46.294,47.802,46.284,47.802,2741057,0
2016-12-02,47.852,48.311,47.232,47.412,2673208,0
2016-12-05,47.882,48.281,47.047,47.282,1634146,0
2016-12-06,47.072,47.652,46.842,47.582,1106858,0
2016-12-07,47.452,48.445,47.362,48.381,1231385,0
2016-12-08,48.53,49.089,47.682,47.862,1231099,0
2016-12-09,47.992,48.84,47.992,48.331,1684370,0
2016-12-12,47.932,48.341,47.382,48.341,1542108,0
2016-12-13,48.58,48.79,48.251,48.41,2040108,0
2016-12-14,48.401,49.109,48.042,48.121,1679712,0
2016-12-15,48.012,49.129,48.012,48.95,1728216,0
2016-12-16,49.139,49.759,48.53,48.54,2966482,0
2016-12-19,48.64,49.139,48.146,48.281,1765572,0
2016-12-20,48.48,48.91,48.366,48.6,1174853,0
2016-12-21,48.65,48.91,48.47,48.64,837352,0
2016-12-22,48.82,48.91,48.331,48.53,780480,0
2016-12-23,48.53,48.91,48.401,48.88,743176,0
2016-12-27,49.089,49.189,48.76,48.98,507679,0
2016-12-28,49.079,49.079,48.44,48.46,658348,0
2016-12-29,48.6,48.79,48.291,48.52,457610,0
2016-12-30,48.62,48.7,48.022,48.5,1068203,0
2017-01-03,48.73,49.369,48.7,49.189,1486276,0
2017-01-04,49.399,50.409,49.229,50.239,2470133,0
2017-01-05,49.959,50.868,49.709,50.169,1524661,0
2017-01-06,50.179,50.294,49.749,49.799,824679,0
2017-01-09,49.689,49.929,49.449,49.479,1715750,0
2017-01-10,49.729,50.119,49.339,49.879,1804937,0
2017-01-11,49.989,50.209,49.609,49.919,1473634,0
2017-01-12,49.839,49.904,48.9,49.709,1191489,0
2017-01-13,49.779,49.909,49.199,49.429,1075667,0
2017-01-17,49.189,49.219,48.55,48.69,1339697,0
2017-01-18,48.69,49.219,48.51,49.029,1490868,0
2017-01-19,49.299,49.529,48.96,49.359,1184140,0
2017-01-20,49.649,49.714,49.019,49.289,1288650,0
2017-01-23,49.339,49.919,48.305,48.82,1698396,0
2017-01-24,48.87,49.689,48.74,49.319,3151408,0
2017-01-25,45.435,47.142,43.606,46.672,16915466,0
2017-01-26,46.662,49.329,46.593,48.45,5453581,0
2017-01-27,48.49,49.539,47.602,47.712,3448827,0
2017-01-30,47.442,47.762,46.752,47.392,2117832,0
2017-01-31,47.212,47.392,46.573,47.312,1756903,0
2017-02-01,47.612,47.862,47.002,47.032,1223333,0
2017-02-02,46.702,47.502,46.513,47.482,1906615,0
2017-02-03,47.632,48.291,47.632,48.251,1603449,0
2017-02-06,48.101,48.51,48.022,48.221,723423,0
2017-02-07,48.371,48.739,47.962,48.151,1161020,0
2017-02-08,48.101,48.121,47.552,47.952,742030,0
2017-02-09,48.131,48.74,48.092,48.6,1129148,0
2017-02-10,48.84,49.199,48.52,48.84,1277636,0
2017-02-13,49.099,49.329,48.91,49.129,1583062,0
2017-02-14,48.92,49.199,48.7,49.139,943878,0
2017-02-15,49.169,49.304,48.97,49.099,1005081,0
2017-02-16,49.099,49.149,48.391,48.95,1841989,0
2017-02-17,48.61,48.62,47.682,48.291,1830068,0
2017-02-21,48.44,48.58,47.972,48.151,1907869,0
2017-02-22,47.902,48.45,47.772,48.351,1146505,0
2017-02-23,48.46,48.535,47.122,47.152,1983099,0
2017-02-24,46.712,47.392,46.692,47.112,3694111,0
2017-02-27,47.482,47.942,47.162,47.802,3007219,0
2017-02-28,47.842,48.101,47.192,47.242,2582005,0
2017-03-01,47.902,49.629,47.782,49.519,3293190,0
2017-03-02,49.389,49.459,48.75,48.77,1796247,0
2017-03-03,48.83,49.069,47.952,48.002,1491258,0
2017-03-06,47.322,48.221,47.322,48.012,1395170,0
2017-03-07,47.732,48.171,47.607,47.792,1497243,0
2017-03-08,47.832,48.037,47.562,47.982,1405339,0
2017-03-09,48.052,48.281,47.302,47.392,1613655,0
2017-03-10,47.692,47.722,47.132,47.592,1235655,0
2017-03-13,47.552,47.852,47.342,47.342,1105754,0
2017-03-14,47.082,47.212,46.752,47.162,1113090,0
2017-03-15,47.352,47.932,47.252,47.802,977974,0
2017-03-16,47.962,48.042,47.312,47.612,965556,0
2017-03-17,47.742,48.032,47.362,47.702,2084173,0
2017-03-20,47.742,48.201,47.522,47.592,1259865,0
2017-03-21,47.872,47.892,46.482,46.742,1989817,0
2017-03-22,46.692,47.282,46.422,47.082,1082474,0
2017-03-23,47.012,47.362,46.817,46.872,1013131,0
2017-03-24,46.932,46.987,45.922,46.112,1574133,0
2017-03-27,45.574,46.497,45.154,46.322,1169534,0
2017-03-28,46.252,47.372,46.132,46.952,949078,0
2017-03-29,46.792,47.242,46.652,47.052,910404,0
2017-03-30,47.072,47.512,46.922,47.282,940669,0
2017-03-31,47.182,47.667,47.172,47.552,2167242,0
2017-04-03,47.522,47.622,46.572,46.882,1549221,0
2017-04-04,46.752,47.252,46.692,47.162,999974,0
2017-04-05,47.402,47.812,46.872,46.902,1381194,0
2017-04-06,46.952,47.462,46.682,47.382,638782,0
2017-04-07,47.502,47.962,47.155,47.632,1088987,0
2017-04-10,47.642,48.371,47.532,48.121,1462484,0
2017-04-11,47.892,47.972,47.322,47.962,1166056,0
2017-04-12,47.832,47.832,47.292,47.422,1493622,0
2017-04-13,47.152,47.582,46.492,46.502,1662431,0
2017-04-17,46.802,46.972,46.463,46.812,1300501,0
2017-04-18,46.592,47.412,46.482,47.302,2615743,0
2017-04-19,45.962,46.832,45.594,45.972,2941223,0
2017-04-20,45.942,46.237,45.324,45.872,3779473,0
2017-04-21,46.122,46.972,46.122,46.622,2683795,0
2017-04-24,47.322,47.932,46.737,46.912,2291312,0
2017-04-25,47.062,47.332,46.922,46.992,1749479,0
2017-04-26,46.952,47.372,46.952,47.112,1632512,0
2017-04-27,47.112,47.302,46.842,47.042,956225,0
2017-04-28,47.102,47.132,46.572,46.622,1711594,0
2017-05-01,46.672,46.702,46.052,46.092,1725858,0
2017-05-02,46.062,46.172,45.634,45.714,2462803,0
2017-05-03,45.654,46.242,45.564,46.192,1291339,0
2017-05-04,46.252,46.422,45.892,46.212,769490,0
2017-05-05,46.292,46.592,46.172,46.582,751387,0
2017-05-08,46.572,46.892,46.517,46.652,961577,0
2017-05-09,46.662,47.292,46.482,47.042,1418231,0
2017-05-10,47.012,47.072,46.482,46.842,854137,0
2017-05-11,46.652,48.63,46.502,48.53,4788310,0
2017-05-12,48.54,48.57,47.672,48.042,1860075,0
2017-05-15,48.052,48.261,47.832,47.932,849113,0
2017-05-16,47.982,48.281,47.732,48.141,891549,0
2017-05-17,47.472,47.622,46.082,46.152,2344167,0
2017-05-18,46.052,46.492,45.424,46.092,1125680,0
2017-05-19,46.212,46.872,46.162,46.452,1247905,0
2017-05-22,46.942,47.192,46.682,46.742,1106876,0
2017-05-23,46.912,47.112,46.582,47.082,1214056,0
2017-05-24,47.142,47.667,47.142,47.432,663940,0
2017-05-25,47.542,48.309,47.482,48.131,1050478,0
2017-05-26,48.032,48.46,47.912,48.121,759070,0
2017-05-30,48.022,48.301,47.792,47.952,1629359,0
2017-05-31,48.101,48.112,47.417,47.762,1389114,0
2017-06-01,47.842,48.211,47.392,47.682,1216337,0
2017-06-02,47.702,47.962,47.629,47.712,1077835,0
2017-06-05,47.622,47.857,46.902,47.002,1052560,0
2017-06-06,46.682,47.322,46.542,46.922,970895,0
2017-06-07,47.112,47.132,46.792,46.822,1167593,0
2017-06-08,46.762,47.062,46.522,46.972,1419110,0
2017-06-09,47.022,47.332,46.942,47.272,1228295,0
2017-06-12,47.292,47.422,46.852,47.222,998324,0
2017-06-13,47.282,47.752,47.132,47.662,868344,0
2017-06-14,47.512,47.732,47.202,47.382,627965,0
2017-06-15,47.112,47.362,46.852,47.272,979087,0
2017-06-16,47.232,47.642,47.062,47.422,2143045,0
2017-06-19,47.622,48.327,47.382,48.082,1262551,0
2017-06-20,47.952,48.032,46.842,46.862,982771,0
2017-06-21,46.982,47.052,46.047,46.172,1610494,0
2017-06-22,46.172,46.482,45.328,45.353,1667066,0
2017-06-23,45.353,46.092,44.983,45.763,5242566,0
2017-06-26,45.872,46.112,45.523,45.553,1453388,0
2017-06-27,45.573,46.578,45.493,46.432,2598611,0
2017-06-28,46.722,47.302,46.607,46.962,899750,0
2017-06-29,47.062,47.482,46.212,46.622,1161945,0
2017-06-30,46.892,47.382,46.632,47.082,1170392,0
2017-07-03,47.372,47.982,46.982,47.712,454521,0
2017-07-05,47.692,48.122,47.532,48.012,1318056,0
2017-07-06,47.952,48.077,47.392,47.412,1376489,0
2017-07-07,47.562,48.332,47.512,48.042,1144157,0
2017-07-10,48.062,48.761,47.842,48.501,930983,0
2017-07-11,48.501,48.841,48.077,48.711,1188594,0
2017-07-12,48.981,49.241,48.661,48.791,1080926,0
2017-07-13,48.941,49.251,48.811,49.171,932484,0
2017-07-14,49.341,49.751,49.281,49.621,968032,0
2017-07-17,49.521,49.841,49.331,49.501,912406,0
2017-07-18,49.391,49.751,49.171,49.521,1873068,0
2017-07-19,50.081,50.131,48.461,48.651,3115213,0
2017-07-20,48.731,49.751,48.561,48.611,2188117,0
2017-07-21,47.982,48.676,47.822,48.471,2538675,0
2017-07-24,48.431,48.866,48.182,48.771,1464594,0
2017-07-25,49.201,49.521,48.616,49.271,1499786,0
2017-07-26,49.411,49.521,48.691,49.091,1125651,0
2017-07-27,49.081,49.081,48.172,48.481,978475,0
2017-07-28,48.471,49.311,48.162,49.231,953669,0
2017-07-31,49.231,49.311,48.951,49.111,1079294,0
2017-08-01,49.271,49.471,48.761,49.371,1087283,0
2017-08-02,49.341,49.721,49.091,49.341,1175058,0
2017-08-03,49.251,49.391,48.901,49.021,1012122,0
2017-08-04,49.171,49.321,49.011,49.291,808759,0
2017-08-07,49.321,49.421,48.741,49.381,858303,0
2017-08-08,49.281,49.471,48.891,49.041,1047686,0
2017-08-09,49.051,49.231,48.491,49.111,1276310,0
2017-08-10,48.931,49.041,48.212,48.222,1173020,0
2017-08-11,48.162,48.716,47.732,48.461,966215,0
2017-08-14,48.841,49.131,48.491,48.931,637957,0
2017-08-15,48.961,49.131,48.811,49.071,697560,0
2017-08-16,49.151,49.571,48.981,49.111,1051279,0
2017-08-17,48.971,49.041,48.082,48.102,891477,0
2017-08-18,48.022,48.072,47.532,47.672,1037432,0
2017-08-21,47.742,47.742,47.222,47.512,1015169,0
2017-08-22,47.682,48.202,47.482,48.042,1212251,0
2017-08-23,47.872,48.441,47.779,47.972,1144356,0
2017-08-24,48.052,48.162,47.702,47.922,918833,0
2017-08-25,48.182,48.601,47.932,48.411,1244605,0
2017-08-28,48.521,48.671,48.012,48.072,730687,0
2017-08-29,47.852,48.272,47.77,48.142,1339731,0
2017-08-30,48.212,49.028,48.142,48.951,897152,0
2017-08-31,49.101,49.331,48.901,49.071,1154442,0
2017-09-01,49.281,49.641,49.211,49.211,792660,0
2017-09-05,49.121,49.481,48.501,48.681,1583544,0
2017-09-06,48.981,49.201,48.601,48.771,1183046,0
2017-09-07,48.801,48.811,48.431,48.691,749732,0
2017-09-08,48.581,49.231,48.491,49.221,740992,0
2017-09-11,49.971,51.17,49.631,51.17,2883544,0
2017-09-12,51.21,52.41,51.19,52.39,2790408,0
2017-09-13,52.29,52.87,52.21,52.33,1728181,0
2017-09-14,52.14,52.42,51.56,51.76,1471407,0
2017-09-15,51.65,51.95,51.12,51.61,2331737,0
2017-09-18,51.78,52.49,51.74,52.46,1365649,0
2017-09-19,52.5,52.87,52.28,52.74,1261402,0
2017-09-20,52.77,53.58,52.77,53.12,1407604,0
2017-09-21,53.14,53.34,52.91,53.06,922359,0
2017-09-22,53.04,53.205,52.68,53.09,1050871,0
2017-09-25,53.1,53.24,52.487,53.07,631176,0
2017-09-26,53.12,53.39,52.93,53.13,1078949,0
2017-09-27,53.43,54.07,53.16,53.96,1597884,0
2017-09-28,53.72,54.05,53,53.58,984385,0
2017-09-29,53.64,53.895,53.27,53.88,722972,0
2017-10-02,54.01,54.61,53.82,54.57,1230889,0
2017-10-03,54.63,54.69,54.27,54.5,1348769,0
2017-10-04,54.48,55.01,54.23,54.99,1585918,0
2017-10-05,55.1,55.76,55.05,55.65,1369114,0
2017-10-06,55.49,55.79,55.34,55.49,855884,0
2017-10-09,55.35,55.39,55.14,55.33,637113,0
2017-10-10,55.49,55.49,54.2601,54.4,1424203,0
2017-10-11,54.46,54.46,53.73,53.92,2699020,0
2017-10-12,53.92,54.11,53.415,53.55,2960678,0
2017-10-13,53.61,53.78,53.24,53.26,3174145,0
2017-10-16,53.34,53.605,53.071,53.34,1123505,0
2017-10-17,53.19,53.45,52.81,53.07,1500803,0
2017-10-18,53.23,53.68,52.91,53.57,3233281,0
2017-10-19,52.33,53.13,51.07,53.1,4174257,0
2017-10-20,53.5,54.03,52.8,53.74,3015183,0
2017-10-23,53.76,54.13,53.6,53.7,1750091,0
2017-10-24,53.7,54.64,53.7,54.42,1735291,0
2017-10-25,54.29,54.57,53.52,53.71,1372419,0
2017-10-26,53.99,54.32,53.19,53.76,1187875,0
2017-10-27,53.57,53.9,52.84,53.03,1693974,0
2017-10-30,52.7401,52.94,52.4275,52.6,1348815,0
2017-10-31,52.66,52.93,52.49,52.74,1398155,0
2017-11-01,53.01,53.55,52.96,53.4,1508847,0
2017-11-02,53.29,54.528,52.93,54.28,1311814,0
2017-11-03,54.17,54.56,53.81,54.55,1217265,0
2017-11-06,54.55,54.69,54.2,54.43,837179,0
2017-11-07,54.45,54.8,54.07,54.28,781880,0
2017-11-08,54.28,54.95,54.08,54.85,1082719,0
2017-11-09,55.03,55.24,54.02,54.4,922335,0
2017-11-10,54.21,54.75,54.01,54.27,1104346,0
